100
Particles
0 0.2433 19.9425 -0.232033
1 0.23962 19.9287 -0.289178
2 0.24476 0.0509177 0.205106
3 0.249949 0.00503845 0.0201551
4 0.239795 0.070699 0.286708
5 0.249928 19.994 -0.0239224
6 0.241192 0.0657771 0.266243
7 0.249216 19.9802 -0.0792177
8 0.244148 19.9462 -0.216787
9 0.242442 0.0610069 0.246517
10 0.239031 19.9268 -0.297327
11 0.247858 19.9673 -0.131003
12 0.249494 19.9841 -0.063621
13 0.245355 0.0479695 0.193075
14 0.249203 0.0199427 0.0798557
15 0.241833 0.0633774 0.256307
16 0.249843 0.00885701 0.0354355
17 0.24432 0.0529894 0.213578
18 0.240095 19.9303 -0.282437
19 0.245386 0.047807 0.192413
20 0.240897 0.066849 0.270689
21 0.249088 19.9787 -0.0854327
22 0.248203 0.0299221 0.119976
23 0.24325 19.9423 -0.232909
24 0.244558 0.0518785 0.209033
25 0.248374 19.9715 -0.114132
26 0.247229 0.0371219 0.149039
27 0.249538 0.0151912 0.0608022
28 0.249084 19.9786 -0.0856355
29 0.245719 0.0460691 0.185335
30 0.248058 0.0310966 0.124709
31 0.244905 0.0502167 0.202242
32 0.242167 0.0620912 0.250992
33 0.244584 0.0517576 0.208538
34 0.241752 0.0636863 0.257584
35 0.238952 0.0734971 0.298397
36 0.248798 0.0244839 0.0980928
37 0.245212 0.0486939 0.196029
38 0.242253 19.9382 -0.249603
39 0.246608 19.959 -0.164916
40 0.249282 19.9811 -0.0758096
41 0.248044 0.0312143 0.125184
42 0.249989 19.9976 -0.00945918
43 0.249645 19.9867 -0.0532674
44 0.249052 0.0217534 0.0871238
45 0.24669 0.0405492 0.162917
46 0.249837 0.00903371 0.0361427
47 0.248155 0.0303131 0.121552
48 0.241619 0.0641876 0.259658
49 0.23893 19.9264 -0.298695
50 0.244404 0.0525993 0.211981
51 0.249327 19.9817 -0.0733843
52 0.248004 19.9685 -0.126436
53 0.238068 19.9237 -0.310203
54 0.249808 19.9902 -0.0392338
55 0.247211 0.037236 0.1495
56 0.249239 19.9805 -0.078062
57 0.249998 19.9989 -0.00424149
58 0.238436 19.9248 -0.305338
59 0.246908 19.9608 -0.157434
60 0.248848 19.976 -0.0960478
61 0.245669 0.046334 0.186414
62 0.240575 0.0679961 0.275454
63 0.242166 19.9379 -0.250999
64 0.24727 0.0368423 0.147908
65 0.238882 0.0737258 0.299354
66 0.247911 0.0322503 0.129362
67 0.239996 0.0700139 0.283852
68 0.241021 0.0663996 0.268825
69 0.249601 19.9859 -0.0565292
70 0.248708 19.9746 -0.101728
71 0.246435 0.0420703 0.169086
72 0.248652 19.9741 -0.103894
73 0.241455 19.9352 -0.262206
74 0.242202 0.0619531 0.250422
75 0.245937 0.0448897 0.180538
76 0.24767 0.0340532 0.136638
77 0.249845 19.9912 -0.035192
78 0.2469 0.039247 0.15764
79 0.248771 0.0247619 0.0992104
80 0.249043 19.9781 -0.0875265
81 0.24927 19.9809 -0.0764519
82 0.248896 0.0234695 0.0940165
83 0.240319 19.9311 -0.279202
84 0.241274 19.9345 -0.264988
85 0.241826 19.9366 -0.256415
86 0.24542 0.0476328 0.191703
87 0.240733 19.9326 -0.273125
88 0.246259 19.9569 -0.173215
89 0.244052 19.9458 -0.218571
90 0.248392 0.0283063 0.113469
91 0.243128 19.9418 -0.235017
92 0.2471 19.962 -0.152456
93 0.24981 19.9903 -0.0389761
94 0.242519 19.9393 -0.245253
95 0.248305 19.9709 -0.116512
96 0.248901 19.9766 -0.0937879
97 0.246642 0.0408364 0.164081
98 0.242101 19.9377 -0.252049
99 0.24087 0.0669465 0.271095
