100
Particles
0 2.69707 19.7763 0.016146
1 2.71637 19.798 -0.209209
2 2.70379 0.234381 -0.0792109
3 2.70221 0.143022 0.254152
4 2.69798 0.0151901 -0.239601
5 2.69971 19.9004 0.231598
6 2.70315 0.104106 -0.0184119
7 2.71943 19.9891 0.0181444
8 2.70086 19.7674 -0.244953
9 2.68761 0.234205 0.0852887
10 2.67858 19.8517 -0.253903
11 2.72085 0.154727 -0.0719032
12 2.70193 19.9732 0.169885
13 2.70582 19.9204 -0.179396
14 2.71146 0.0476496 0.0384567
15 2.70764 0.0331479 -0.0807373
16 2.70951 0.142736 0.26067
17 2.70249 0.0368077 0.243088
18 2.68788 19.8502 -0.254444
19 2.71742 0.210524 -0.159149
20 2.69948 0.0657538 -0.0305797
21 2.72969 19.9525 0.077787
22 2.68992 19.9772 0.191786
23 2.71045 0.0934688 0.186181
24 2.69272 19.882 -0.200291
25 2.71607 19.8155 -0.124194
26 2.70425 19.8011 -0.0357584
27 2.71501 0.0888255 0.0811016
28 2.71883 0.0855237 -0.15858
29 2.72082 19.9483 -0.071833
30 2.72114 0.0627954 -0.185774
31 2.71199 19.8051 -0.19941
32 2.71296 0.179453 0.228919
33 2.69603 19.8859 -0.193299
34 2.70097 0.296134 0.246655
35 2.68669 0.135062 0.10406
36 2.69885 19.9832 0.0989172
37 2.68437 0.00166341 -0.124285
38 2.68885 19.7101 -0.158802
39 2.69395 19.8512 -0.0788272
40 2.70134 19.9917 -0.220397
41 2.70708 19.8609 0.128105
42 2.71244 0.230121 0.113783
43 2.70329 19.9026 -0.087407
44 2.69858 19.8851 -0.0576284
45 2.72891 19.9424 0.186234
46 2.73285 19.7778 -0.0518665
47 2.71575 0.320512 -0.00720546
48 2.71165 0.225561 0.177947
49 2.70315 19.9648 -0.193731
50 2.70626 0.0813995 -0.175212
51 2.7052 19.9439 -0.256104
52 2.71485 0.19859 -0.173206
53 2.69865 19.8648 0.0800161
54 2.69504 19.8724 -0.123281
55 2.71308 0.0393076 0.118069
56 2.72011 19.9807 -0.0104734
57 2.70585 0.184309 -0.275577
58 2.7188 19.7511 0.0307524
59 2.68986 19.6559 -0.319952
60 2.70983 19.8524 -0.0612115
61 2.70112 0.256971 0.221235
62 2.70161 0.180251 -0.313246
63 2.70488 19.7219 -0.0366393
64 2.69436 0.115013 0.0146219
65 2.68822 0.235554 0.131199
66 2.71551 0.101242 0.149766
67 2.68847 0.356277 0.195051
68 2.69453 19.8843 0.215417
69 2.70067 19.9885 -0.283921
70 2.72222 0.141013 -0.0711815
71 2.71712 0.171347 0.192291
72 2.70794 0.00443144 0.234557
73 2.70253 19.9536 -0.0309629
74 2.69444 0.130659 -0.0669033
75 2.69951 0.1185 -0.0107924
76 2.72251 0.106379 0.256639
77 2.70424 19.956 0.172265
78 2.71948 0.22191 0.0122237
79 2.69838 19.6843 0.190833
80 2.71609 19.9597 0.12538
81 2.7033 19.9544 -0.0599612
82 2.71526 0.0889992 0.176478
83 2.69602 0.0702782 0.205015
84 2.72122 19.7771 0.000310989
85 2.70028 19.9513 0.290292
86 2.69471 0.188581 0.168171
87 2.71604 19.8266 -0.0766976
88 2.70277 19.9349 0.085399
89 2.70151 19.8296 -0.247342
90 2.70752 19.8541 -0.124554
91 2.69283 19.7858 -0.239778
92 2.71241 0.0447413 0.293999
93 2.70638 0.0466598 -0.22447
94 2.70793 19.9174 -0.258221
95 2.69702 19.7794 -0.246072
96 2.72122 19.8354 -0.27992
97 2.68496 0.0445147 -0.0845393
98 2.68512 19.9018 -0.265553
99 2.69959 0.222752 0.175227
