100
Particles
0 4.84193 19.0508 -0.213729
1 4.74925 18.5781 0.16837
2 4.79801 19.1031 0.0911454
3 4.80713 19.7594 -0.323032
4 4.81942 18.4447 0.11268
5 4.73304 19.2701 -0.0475415
6 4.76881 19.1552 -0.377229
7 4.88252 19.9566 0.036961
8 4.80082 19.4914 0.12329
9 4.82747 19.1215 -0.148391
10 4.82718 0.0347298 -0.238756
11 4.89845 19.6725 -0.0477687
12 4.77544 18.8502 -0.185112
13 4.84529 19.048 0.179085
14 4.74766 19.8121 0.0173317
15 4.74027 18.3892 -0.226052
16 4.84551 0.0153284 0.225908
17 4.79924 19.0525 0.0237853
18 4.70423 18.3065 -0.413678
19 4.8105 18.8262 -0.32998
20 4.87264 19.2282 -0.214939
21 4.82755 19.1159 0.061558
22 4.78183 18.9208 -0.293011
23 4.83442 19.2427 -0.121298
24 4.83904 19.5094 -0.232541
25 4.67313 18.1158 -0.418528
26 4.84293 18.9732 -0.0723938
27 4.72519 18.5656 0.115592
28 4.80067 19.4635 -0.356805
29 4.86025 19.5473 0.123107
30 4.82608 19.6383 0.20177
31 4.85209 19.2503 -0.217421
32 4.88177 19.0342 -0.216611
33 4.75774 19.1479 -0.146578
34 4.70877 18.7424 -0.0741785
35 4.7301 19.2151 -0.104742
36 4.73099 17.7973 -0.231615
37 4.71068 18.5302 0.171246
38 4.76734 19.3347 -0.145765
39 4.79365 18.594 -0.123681
40 4.80301 18.2604 -0.378622
41 4.80543 18.7883 0.106977
42 4.84447 19.7236 0.209726
43 4.86567 19.842 -0.131469
44 4.87522 19.4489 -0.168971
45 4.90752 19.4073 -0.101851
46 4.84227 18.4228 0.113417
47 4.84095 0.100306 0.204288
48 4.80152 18.3916 0.00928218
49 4.81816 19.3448 -0.238124
50 4.82241 18.4748 -0.268669
51 4.79715 18.6937 0.00595569
52 4.82884 19.6154 -0.293554
53 4.71154 18.2611 -0.0556457
54 4.72199 17.629 -0.150512
55 4.79639 18.6982 -0.0849488
56 4.7987 18.0081 -0.324772
57 4.77411 19.2854 -0.201344
58 4.8124 18.6111 0.0565169
59 4.80133 18.3305 -0.273327
60 4.82063 19.0354 -0.0701482
61 4.79984 19.0659 0.0528726
62 4.79401 0.0378551 -0.254732
63 4.81244 19.4581 -0.129562
64 4.71575 0.0959678 0.0266387
65 4.81953 19.2714 -0.0813937
66 4.81649 18.8353 -0.340323
67 4.78527 19.8803 -0.0927171
68 4.80883 18.6068 -0.00953403
69 4.87282 19.1226 0.00501972
70 4.81258 19.5951 -0.0656503
71 4.86012 19.4466 -0.189872
72 4.83305 18.9231 -0.247637
73 4.88272 19.3843 -0.104162
74 4.78746 19.5023 0.0160066
75 4.83328 19.1883 0.207644
76 4.84415 19.2446 0.108076
77 4.80832 18.8828 0.0239334
78 4.76515 18.8561 -0.174581
79 4.78689 18.5951 0.114074
80 4.79545 18.934 0.180521
81 4.83718 18.717 -0.0268554
82 4.86362 18.9823 -0.293002
83 4.79618 19.1308 -0.388417
84 4.7804 18.371 -0.237803
85 4.80514 18.9699 -0.00136775
86 4.72869 19.3486 0.122539
87 4.76731 18.1608 -0.0406409
88 4.85902 18.6718 -0.0787529
89 4.74162 18.1373 0.0151939
90 4.75274 18.3548 -0.22843
91 4.84418 19.293 -0.170805
92 4.84741 19.2414 -0.0715351
93 4.76998 19.1506 -0.354928
94 4.75342 19.3383 0.0285477
95 4.78405 18.8645 -0.0467564
96 4.74162 17.8269 -0.395747
97 4.82854 19.5564 0.119862
98 4.79339 18.9796 -0.180276
99 4.78612 19.1962 -0.373552
