100
Particles
0 6.05145 18.8748 -0.261025
1 5.97337 18.3874 -0.382629
2 5.9948 18.8355 -0.232709
3 6.03034 19.6407 -0.410038
4 6.05059 18.3089 -0.275404
5 5.92861 18.952 -0.371373
6 5.99623 19.0193 -0.14334
7 6.10525 19.7441 -0.0473014
8 6.0122 19.3331 -0.349422
9 6.04653 18.9484 0.159613
10 6.05965 19.9726 0.0683483
11 6.13134 19.57 0.122108
12 6.00066 18.6603 -0.088922
13 6.06224 18.9473 0.0686422
14 5.987 19.8021 0.0188798
15 5.97487 18.2256 -0.164382
16 6.08712 0.0170409 0.147327
17 5.98545 18.727 -0.350457
18 5.93046 18.1754 -0.0841548
19 6.03193 18.6437 -0.289387
20 6.09045 18.997 0.0698653
21 6.07463 19.1349 0.033775
22 6.01509 18.8881 0.00986391
23 6.04566 19.033 -0.0217696
24 6.07146 19.5801 0.194241
25 5.91614 18.038 -0.0310005
26 6.08481 18.9586 0.00709655
27 5.93931 18.3521 -0.26102
28 6.00708 19.2109 -0.391267
29 6.09536 19.633 0.114089
30 6.03649 19.4241 -0.357903
31 6.07198 19.0687 -0.297388
32 6.1149 18.9812 -0.151296
33 5.98368 19.0733 -0.172427
34 5.93467 18.6084 -0.201758
35 5.9542 19.0919 -0.163559
36 5.96156 17.6054 -0.14613
37 5.91624 18.3623 -0.161575
38 5.98616 19.2619 -0.215915
39 6.01743 18.4208 -0.187687
40 6.04407 18.263 0.139818
41 6.04329 18.7459 -0.135543
42 6.0669 19.6226 -0.385665
43 6.07831 19.6511 -0.334256
44 6.08954 19.3217 -0.215843
45 6.14375 19.2953 -0.124437
46 6.07746 18.3778 0.113099
47 6.07715 0.134561 0.244551
48 6.02118 18.4154 0.0574667
49 6.03397 19.1306 -0.254915
50 6.00669 18.0814 -0.306841
51 6.03175 18.6876 -0.0571647
52 6.06779 19.6114 -0.10015
53 5.93518 18.0317 -0.190016
54 5.93287 17.4041 0.0388755
55 5.99506 18.5948 -0.429059
56 6.01274 17.7808 -0.34932
57 5.99383 19.1014 -0.253254
58 6.05283 18.7266 0.00909667
59 5.99306 18.0255 -0.0210353
60 6.0174 18.6968 -0.154003
61 6.02964 18.954 -0.261288
62 6.01607 19.8519 -0.04325
63 6.01902 19.1853 -0.367388
64 5.92269 19.8217 -0.292124
65 6.0425 19.1736 -0.0572284
66 6.02835 18.5973 -0.314013
67 6.0116 19.7258 -0.0182707
68 6.01929 18.3809 -0.0610489
69 6.08639 18.8393 -0.122642
70 6.04372 19.4776 -0.0952006
71 6.08889 19.2929 -0.126891
72 6.04266 18.6945 -0.364313
73 6.09542 19.3141 -0.108102
74 6.02445 19.4947 0.00348371
75 6.07199 19.08 -0.191104
76 6.07217 19.16 0.196794
77 6.02527 18.6811 -0.220768
78 5.97262 18.5923 -0.434621
79 6.0292 18.5541 0.0858075
80 5.99634 18.7154 -0.315912
81 6.05318 18.5086 -0.0534351
82 6.07927 18.7813 -0.221019
83 6.02185 18.9937 -0.0282565
84 6.00075 18.216 0.1229
85 6.03364 18.9046 -0.00621229
86 5.96405 19.2543 -0.0895327
87 5.96803 17.9173 -0.324001
88 6.05555 18.4371 -0.416846
89 5.93116 17.7958 -0.448557
90 5.95787 18.0554 -0.351641
91 6.06036 19.1791 -0.165482
92 6.07744 19.3535 0.16984
93 6.00374 19.2112 0.110753
94 5.99588 19.4137 0.0952776
95 5.99153 18.7065 -0.400728
96 5.95353 17.5506 -0.157227
97 6.03814 19.3139 0.0290641
98 6.02273 18.9151 0.0250125
99 5.99173 18.8986 -0.20843
