100
Particles
0 7.26972 18.7247 -0.0471083
1 7.19881 18.2355 -0.209631
2 7.23053 18.7594 -0.267119
3 7.2516 19.5178 -0.0984185
4 7.26901 18.1394 -0.267406
5 7.173 18.8942 -0.00487902
6 7.18818 18.778 0.122166
7 7.29602 19.4314 -0.452066
8 7.23817 19.2232 0.0741877
9 7.24613 18.6253 -0.0469526
10 7.23683 19.5626 -0.278471
11 7.33241 19.3908 -0.0121295
12 7.20288 18.3596 -0.315596
13 7.2454 18.5575 -0.375792
14 7.18756 19.5873 -0.20069
15 7.16197 17.9233 -0.462067
16 7.29637 19.7548 -0.202783
17 7.19536 18.4264 -0.132535
18 7.14562 17.9834 0.0748921
19 7.24793 18.4277 -0.274478
20 7.32433 18.876 -0.0325542
21 7.32247 19.0805 -0.0978034
22 7.25597 18.8909 -0.0260306
23 7.23014 18.7664 -0.47989
24 7.26286 19.314 -0.157189
25 7.14454 17.8666 -0.117905
26 7.32579 18.9242 -0.186623
27 7.16893 18.1786 -0.2672
28 7.23242 19.008 -0.21056
29 7.30022 19.3673 -0.206574
30 7.25782 19.2071 -0.000898098
31 7.28829 18.8922 -0.357901
32 7.33142 18.8122 -0.0433267
33 7.16954 18.7654 -0.494863
34 7.17419 18.5851 -0.0520634
35 7.19042 18.9433 -0.135285
36 7.18676 17.4428 -0.203388
37 7.14692 18.2149 -0.226487
38 7.19158 18.998 -0.339958
39 7.2374 18.2257 -0.00496415
40 7.24432 18.0482 -0.272072
41 7.21142 18.3066 -0.295407
42 7.27522 19.3412 -0.326086
43 7.27087 19.5055 -0.482196
44 7.29893 19.029 -0.174564
45 7.3635 19.1185 0.00921618
46 7.31696 18.2526 -0.0704664
47 7.2588 19.7513 -0.425794
48 7.22406 18.1223 -0.302367
49 7.28011 19.0779 0.00171352
50 7.24918 18.0882 -0.118706
51 7.26028 18.5732 -0.337432
52 7.21116 19.1129 -0.499398
53 7.14967 17.8663 0.0888219
54 7.16337 17.3019 -0.277972
55 7.18053 18.2616 -0.364217
56 7.2277 17.6434 0.073071
57 7.16537 18.7678 -0.486362
58 7.27548 18.6059 -0.427136
59 7.2177 17.9106 0.100128
60 7.22848 18.5126 -0.44741
61 7.19894 18.5284 -0.456198
62 7.20058 19.5881 -0.410259
63 7.25017 19.0409 -0.223416
64 7.14386 19.602 -0.207286
65 7.24154 18.9487 -0.452552
66 7.24783 18.4895 -0.285264
67 7.21261 19.4237 -0.435839
68 7.2371 18.2176 -0.398918
69 7.31326 18.6824 -0.375132
70 7.26536 19.3656 0.103911
71 7.30087 19.011 -0.148362
72 7.26132 18.4362 -0.310532
73 7.30386 19.0825 -0.345903
74 7.24739 19.3032 -0.0428598
75 7.23476 18.6964 -0.441559
76 7.28829 18.9937 -0.0418572
77 7.24982 18.4907 0.0430703
78 7.16757 18.3362 -0.460551
79 7.23203 18.28 -0.236118
80 7.21802 18.4934 0.00524919
81 7.25192 18.2924 -0.312419
82 7.2936 18.5825 -0.0374692
83 7.22382 18.674 -0.26997
84 7.23572 18.1321 0.117852
85 7.23435 18.6016 -0.344451
86 7.13251 18.8211 -0.218825
87 7.18234 17.7657 -0.0465993
88 7.27367 18.2336 0.00464078
89 7.11767 17.4611 -0.483274
90 7.16756 17.8073 -0.230986
91 7.2754 19.0135 0.121541
92 7.31519 19.224 -0.0923471
93 7.23813 19.139 -0.317283
94 7.22007 19.2082 -0.0291913
95 7.19088 18.3675 -0.334149
96 7.18463 17.4605 0.0147074
97 7.2651 19.2677 0.113342
98 7.20523 18.5646 -0.386528
99 7.185 18.5419 -0.192422
