100
Particles
0 8.46256 18.4987 0.0121843
1 8.3966 17.9678 -0.112185
2 8.42371 18.4928 -0.266989
3 8.42492 19.1567 0.00415195
4 8.48372 17.9309 -0.104458
5 8.36981 18.5408 -0.293106
6 8.34474 18.3279 -0.370859
7 8.52597 19.2844 -0.139199
8 8.42114 18.8556 -0.482803
9 8.45993 18.3951 -0.167161
10 8.47214 19.3996 -0.12649
11 8.56063 19.2586 -0.0104781
12 8.43103 18.1996 0.00029249
13 8.46182 18.3847 -0.191794
14 8.39791 19.3702 0.0765285
15 8.39731 17.7846 -0.184634
16 8.44953 19.351 -0.158911
17 8.40183 18.147 -0.366704
18 8.38094 17.8769 -0.247926
19 8.44878 18.2084 0.0893415
20 8.54097 18.6518 -0.346601
21 8.527 18.8896 0.0316069
22 8.44382 18.5814 -0.355802
23 8.46783 18.6391 0.0883593
24 8.48688 19.1904 0.0957249
25 8.36877 17.6548 -0.0371102
26 8.52102 18.6105 -0.205182
27 8.38408 18.0003 -0.48072
28 8.42976 18.7142 -0.314808
29 8.50562 19.1222 0.0412761
30 8.44807 18.848 -0.12131
31 8.50212 18.7174 0.107898
32 8.54423 18.5616 -0.272349
33 8.40472 18.6839 -0.277974
34 8.36516 18.3347 -0.469015
35 8.36432 18.5488 -0.400949
36 8.41608 17.3469 -0.101211
37 8.38916 18.1131 0.0428464
38 8.39564 18.7476 -0.500327
39 8.44341 17.9264 -0.183241
40 8.41612 17.7423 0.125561
41 8.37541 17.8736 -0.170292
42 8.47992 19.0484 -0.321221
43 8.44821 19.1745 -0.357938
44 8.51322 18.7563 -0.151572
45 8.58063 18.868 -0.141433
46 8.49559 17.9166 -0.141541
47 8.47787 19.5725 -0.105948
48 8.41847 17.7989 -0.187352
49 8.46087 18.697 -0.268457
50 8.45547 17.8381 -0.172436
51 8.45444 18.2772 -0.430719
52 8.40706 18.8139 -0.422647
53 8.32156 17.5692 -0.427266
54 8.36344 17.1092 -0.322655
55 8.38672 18.0161 -0.482573
56 8.45193 17.4129 -0.249715
57 8.40224 18.6742 0.0786204
58 8.43829 18.2325 -0.43405
59 8.41529 17.6113 -0.408462
60 8.41277 18.1667 -0.356866
61 8.42431 18.3008 -0.0825476
62 8.40689 19.3817 -0.168798
63 8.43895 18.7014 -0.335424
64 8.36087 19.4219 0.00320598
65 8.43786 18.6835 0.0584716
66 8.44306 18.2355 0.115325
67 8.41267 19.1142 -0.12936
68 8.46609 18.0909 -0.272994
69 8.48825 18.311 -0.416916
70 8.5028 19.2114 0.00230187
71 8.51837 18.8173 -0.432123
72 8.45723 18.1742 -0.424765
73 8.51476 18.8652 -0.245516
74 8.45265 19.0733 -0.372053
75 8.40963 18.3091 -0.349177
76 8.48676 18.7058 -6.09363e-05
77 8.46254 18.2581 -0.306976
78 8.40467 18.2363 0.0834613
79 8.42094 17.9672 0.00405372
80 8.44012 18.3233 -0.411258
81 8.43836 17.9766 -0.384768
82 8.50174 18.3218 -0.133792
83 8.45016 18.5485 0.101055
84 8.44142 17.8979 -0.505022
85 8.45146 18.5575 0.090975
86 8.34107 18.5976 -0.174963
87 8.41738 17.6714 -0.0945559
88 8.46297 17.9693 -0.476502
89 8.35285 17.347 0.109066
90 8.33394 17.3841 -0.37285
91 8.49945 18.832 -0.249121
92 8.52983 19.0692 -0.0673896
93 8.38961 18.6638 -0.476261
94 8.43097 18.9546 -0.19637
95 8.38918 18.0763 -0.414115
96 8.39925 17.2156 -0.158999
97 8.45537 18.9289 -0.418475
98 8.40538 18.3505 -0.130437
99 8.38262 18.3212 -0.0846703
