100
Particles
0 9.61155 18.0607 -0.550202
1 9.56803 17.6075 -0.450221
2 9.61115 18.1708 -0.305929
3 9.65027 18.9313 -0.106863
4 9.66365 17.5409 -0.297083
5 9.52598 18.1152 -0.485574
6 9.52888 17.9317 -0.371625
7 9.6851 18.8256 -0.280918
8 9.63211 18.6114 -0.381618
9 9.67283 18.136 -0.213978
10 9.67571 19.1704 0.0458609
11 9.75975 18.9448 -0.0482378
12 9.61701 17.8452 -0.349106
13 9.68653 18.1849 -0.140851
14 9.60613 19.1691 -0.490535
15 9.56556 17.3582 -0.242782
16 9.66644 19.089 -0.167502
17 9.61959 17.8906 -0.265164
18 9.53398 17.4268 -0.440121
19 9.60525 17.7516 -0.290343
20 9.74272 18.3926 -0.422588
21 9.71672 18.6391 0.0209019
22 9.61416 18.2075 -0.370769
23 9.64389 18.2942 -0.284459
24 9.72026 19.0996 -0.193561
25 9.56735 17.334 -0.361147
26 9.71639 18.2884 -0.025296
27 9.5701 17.627 -0.19863
28 9.58311 18.3117 -0.268823
29 9.656 18.7229 -0.560539
30 9.6327 18.4604 -0.234428
31 9.68843 18.4504 -0.536163
32 9.75514 18.3041 -0.342543
33 9.58759 18.2974 -0.24098
34 9.57639 18.0662 -0.183172
35 9.48934 18.0331 -0.500759
36 9.56223 16.9156 -0.386805
37 9.59951 17.8401 -0.0342723
38 9.59012 18.4515 -0.241947
39 9.6289 17.6229 -0.0171036
40 9.59619 17.504 -0.507192
41 9.53083 17.4416 -0.411892
42 9.68076 18.7345 -0.0595413
43 9.64626 18.9463 -0.505465
44 9.69485 18.3857 -0.235228
45 9.77719 18.5708 -0.20776
46 9.70475 17.732 -0.0607473
47 9.69711 19.3559 -0.141293
48 9.58654 17.417 -0.410785
49 9.60739 18.2019 -0.449276
50 9.6325 17.4395 -0.36208
51 9.63729 17.9215 -0.360982
52 9.60705 18.6001 -0.516218
53 9.54856 17.3574 -0.171428
54 9.55155 16.8025 -0.412314
55 9.59593 17.8257 -0.520538
56 9.63132 17.0565 -0.137733
57 9.61654 18.4567 -0.196798
58 9.64594 17.9809 -0.0454435
59 9.59135 17.2377 -0.540769
60 9.62459 17.9303 -0.344766
61 9.5763 17.8377 -0.500096
62 9.62532 19.2598 -0.330964
63 9.62335 18.3981 -0.311912
64 9.58453 19.2595 -0.077489
65 9.6718 18.5462 -0.111285
66 9.58589 17.7513 -0.245028
67 9.59335 18.7569 -0.543224
68 9.68354 17.8503 -0.365208
69 9.69198 18.0061 -0.269901
70 9.73614 19.0272 -0.126515
71 9.72628 18.5674 -0.0753256
72 9.69355 18.0168 -0.0284496
73 9.69061 18.5192 -0.405477
74 9.66494 18.8496 -0.0247794
75 9.57946 17.9051 -0.291747
76 9.69098 18.4717 -0.00102534
77 9.6319 17.8771 -0.448686
78 9.60242 17.9363 -0.269298
79 9.59307 17.5392 -0.303727
80 9.60689 17.9189 -0.424045
81 9.64744 17.6977 -0.186017
82 9.72613 18.1718 -0.362266
83 9.69512 18.4784 -0.133277
84 9.63752 17.608 0.0123013
85 9.67818 18.3584 -0.31237
86 9.52419 18.254 -0.297658
87 9.61415 17.3953 -0.180849
88 9.66776 17.702 -0.482426
89 9.49782 16.8763 -0.461183
90 9.52515 17.0677 -0.432605
91 9.66241 18.4505 -0.54602
92 9.70706 18.7072 -0.109308
93 9.57291 18.2899 -0.333523
94 9.65364 18.7789 -0.201606
95 9.61353 17.9314 -0.00501652
96 9.55093 16.8257 -0.08141
97 9.65116 18.5796 -0.210775
98 9.61825 18.1894 0.029698
99 9.52156 17.8394 -0.571366
