100
Particles
0 10.7505 17.5837 -0.573133
1 10.7891 17.4211 -0.362876
2 10.8083 17.8356 -0.179913
3 10.8185 18.5432 -0.0256484
4 10.8629 17.2616 0.0101147
5 10.6749 17.6754 -0.0814145
6 10.7062 17.569 -0.442852
7 10.8667 18.4579 -0.141779
8 10.8041 18.2897 -0.0143352
9 10.8886 17.8623 -0.297025
10 10.8278 18.7411 -0.0548253
11 10.9614 18.6247 -0.234004
12 10.8271 17.5555 -0.298992
13 10.8432 17.7682 -0.440516
14 10.7954 18.8948 -0.379401
15 10.7275 16.9382 -0.0719834
16 10.8606 18.8038 -0.5421
17 10.786 17.4731 -0.188201
18 10.7587 17.1838 -0.161765
19 10.7922 17.4348 -0.281939
20 10.9146 18.0258 -0.534488
21 10.8649 18.1905 -0.409114
22 10.7868 17.8479 -0.392016
23 10.8201 17.9432 0.00732293
24 10.856 18.6488 -0.597853
25 10.765 17.0684 -0.54269
26 10.9155 17.9835 -0.305995
27 10.8068 17.4933 -0.0146153
28 10.7577 17.9531 0.0367436
29 10.8651 18.438 -0.0652943
30 10.8239 18.0992 -0.370715
31 10.9097 18.2054 -0.193255
32 10.9406 17.9841 -0.431135
33 10.7736 17.9743 -0.0873572
34 10.7685 17.7794 -0.0533188
35 10.6773 17.6794 -0.217226
36 10.7385 16.5697 -0.47476
37 10.7788 17.4786 -0.226304
38 10.7663 18.079 -0.269582
39 10.8007 17.2773 -0.0450957
40 10.7697 17.1604 -0.0406258
41 10.6895 16.9981 -0.39999
42 10.8374 18.3405 -0.461973
43 10.8428 18.6606 -0.00426809
44 10.9222 18.1638 -0.146288
45 10.9714 18.271 -0.282234
46 10.9024 17.4253 -0.0563771
47 10.8968 19.1226 -0.505734
48 10.7757 17.0695 -0.138616
49 10.8156 17.9236 -0.130243
50 10.8423 17.1977 -0.156631
51 10.7873 17.4679 -0.170204
52 10.8466 18.4564 -0.122416
53 10.7165 17.017 -0.162734
54 10.7718 16.5615 -0.285501
55 10.7932 17.5166 -0.543564
56 10.7676 16.5749 -0.141936
57 10.8222 18.1392 -0.165281
58 10.8526 17.6955 -0.000742242
59 10.8209 17.0408 -0.225771
60 10.8347 17.636 -0.23722
61 10.7614 17.4854 -0.295276
62 10.8484 19.0867 -0.0369635
63 10.8108 18.0326 -0.106481
64 10.7473 18.8089 -0.411562
65 10.8736 18.3074 -0.577934
66 10.7272 17.3307 -0.0341337
67 10.7794 18.3926 -0.401758
68 10.9068 17.6258 -0.0230884
69 10.8623 17.6615 -0.512277
70 10.9186 18.6941 -0.0254017
71 10.8786 18.1122 -0.170873
72 10.8411 17.5522 -0.173563
73 10.9168 18.3118 -0.142527
74 10.8681 18.6214 -0.056727
75 10.7575 17.5505 -0.165404
76 10.8916 18.1913 0.0257363
77 10.8014 17.4785 -0.447456
78 10.7815 17.5746 -0.359432
79 10.8273 17.3978 -0.234003
80 10.7558 17.4718 -0.449577
81 10.8548 17.3833 -0.291506
82 10.9101 17.839 -0.572122
83 10.9004 18.1793 -0.446768
84 10.8304 17.2965 -0.105319
85 10.8748 18.045 -0.159574
86 10.6875 17.8255 -0.407089
87 10.8135 17.0713 -0.25592
88 10.8504 17.384 -0.328581
89 10.6806 16.5253 -0.241176
90 10.6828 16.6334 -0.52776
91 10.8425 18.0861 -0.0791505
92 10.9294 18.4524 -0.258449
93 10.7587 17.9334 -0.185415
94 10.784 18.2884 -0.172111
95 10.788 17.5792 -0.517742
96 10.7512 16.4855 -0.270057
97 10.841 18.2349 -0.204442
98 10.7958 17.8253 -0.0350499
99 10.7279 17.5724 -0.28538
