100
Particles
0 11.8971 17.1273 -0.278611
1 11.9391 16.9547 -0.539707
2 12.0175 17.5643 -0.308121
3 11.9843 18.1231 -0.31478
4 12.0349 16.9334 -0.593492
5 11.8494 17.3366 -0.576213
6 11.9045 17.3579 -0.622942
7 12.0626 18.1374 -0.177293
8 11.9463 17.8087 -0.347009
9 12.0747 17.5247 -0.458711
10 11.9449 18.1975 -0.527014
11 12.1246 18.2249 -0.0936062
12 11.9627 17.0771 -0.625015
13 12.0116 17.3334 -0.29765
14 11.9733 18.5526 -0.159513
15 11.9455 16.6772 -0.058167
16 12.0364 18.4407 -0.383796
17 11.983 17.2026 -0.221666
18 11.8972 16.6903 -0.472378
19 11.9461 17.0209 -0.531151
20 12.1172 17.7298 -0.371992
21 12.054 17.8532 -0.226054
22 11.9762 17.5565 -0.0392587
23 11.9748 17.5051 -0.481658
24 12.0645 18.3418 -0.285769
25 11.9793 16.8204 -0.0944308
26 12.1255 17.7298 -0.0439959
27 12.0179 17.2238 -0.122431
28 11.9295 17.5586 -0.0440299
29 12.0407 18.064 -0.462344
30 12.0075 17.787 -0.530466
31 12.1354 17.9951 -0.282722
32 12.1027 17.5995 -0.527716
33 11.9126 17.5202 -0.43854
34 11.9466 17.3898 -0.383886
35 11.8027 17.1558 -0.634349
36 11.9073 16.1781 -0.54502
37 11.9145 17.0039 -0.0441166
38 11.9873 17.8924 -0.163786
39 11.9913 16.9225 -0.481872
40 11.922 16.7744 -0.631384
41 11.9238 16.9034 -0.0780967
42 12.049 18.1077 -0.226473
43 12.0064 18.2728 -0.518734
44 12.1187 17.875 -0.398794
45 12.1656 17.9173 -0.42171
46 12.1004 17.1551 -0.316655
47 12.1026 18.8056 -0.247002
48 11.973 16.7775 -0.139981
49 11.9887 17.5644 -0.381226
50 11.9749 16.7263 -0.612568
51 11.9691 17.1292 -0.0575444
52 12.0319 18.1131 -0.0651216
53 11.8456 16.5011 -0.299286
54 11.9571 16.2172 -0.472578
55 11.9452 17.0392 -0.398393
56 11.8882 16.0522 -0.366402
57 12.0605 18.0112 -0.0672139
58 12.0165 17.2947 -0.595141
59 11.9734 16.5654 -0.475138
60 11.9874 17.1807 -0.37116
61 11.876 16.9287 -0.545739
62 12.0298 18.7187 -0.080447
63 11.9634 17.6164 -0.0740333
64 11.9608 18.5468 -0.145663
65 12.046 17.9204 -0.403275
66 11.9067 17.0272 -0.0977997
67 11.8974 17.8582 -0.212517
68 12.0612 17.158 -0.268922
69 11.974 17.104 -0.617132
70 12.1085 18.3675 -0.328044
71 12.0829 17.8266 -0.320021
72 12.0195 17.1739 -0.0798543
73 12.0793 17.9119 -0.496483
74 12.0385 18.2898 -0.136957
75 11.9541 17.2062 -0.276851
76 12.0431 17.7771 -0.448582
77 12.0246 17.2555 -0.251042
78 11.972 17.2228 -0.210234
79 12.0095 17.0363 -0.51819
80 11.9517 17.2021 -0.367075
81 12.044 17.0667 -0.279236
82 12.0616 17.4189 -0.338389
83 12.0829 17.8544 -0.0792799
84 11.9909 16.9471 -0.424582
85 12.0634 17.7811 -0.0218654
86 11.9026 17.5925 -0.130268
87 12.0182 16.8277 -0.0295622
88 12.0783 17.2031 -0.196927
89 11.8406 16.1257 -0.64091
90 11.8627 16.3045 -0.0869267
91 12.0735 17.9032 -0.191714
92 12.129 18.182 -0.21122
93 11.8981 17.4561 -0.577126
94 11.9968 18.0624 -0.126288
95 11.9701 17.2382 -0.30413
96 11.8997 16.0392 -0.514699
97 12.0058 17.8468 -0.332686
98 11.9396 17.3691 -0.566252
99 11.9129 17.2231 -0.171052
