100
Particles
0 13.0459 16.6833 -0.402374
1 13.095 16.4967 -0.464091
2 13.1791 17.1397 -0.12473
3 13.1791 17.8096 -0.0891275
4 13.2013 16.52 -0.560681
5 13.05 17.018 -0.313788
6 13.0801 17.014 -0.0567713
7 13.2531 17.7862 -0.408946
8 13.1569 17.528 -0.123281
9 13.2375 17.1305 -0.410424
10 13.1408 17.8947 -0.217738
11 13.269 17.7439 -0.498986
12 13.0866 16.5853 -0.11361
13 13.1457 16.8144 -0.519654
14 13.1517 18.1571 -0.314544
15 13.1027 16.2422 -0.295089
16 13.2103 18.064 -0.519799
17 13.2045 16.9776 -0.184387
18 13.0251 16.2021 -0.625841
19 13.1407 16.7652 -0.631104
20 13.2479 17.2588 -0.425446
21 13.246 17.5283 -0.430551
22 13.134 17.1694 -0.112879
23 13.1442 17.1266 -0.413574
24 13.2342 17.9478 -0.453635
25 13.169 16.4668 -0.272465
26 13.2855 17.3308 -0.476279
27 13.1713 16.7806 -0.519697
28 13.078 17.1306 -0.237267
29 13.1873 17.6223 -0.397396
30 13.1533 17.3333 -0.415706
31 13.3143 17.636 -0.435563
32 13.2446 17.1541 -0.574913
33 13.0354 16.9824 -0.348561
34 13.0372 16.7934 -0.465118
35 12.9949 16.9189 -0.662664
36 12.9588 15.5286 -0.694198
37 13.0776 16.5645 -0.305241
38 13.1683 17.5015 -0.33309
39 13.1322 16.4895 -0.0614347
40 13.0704 16.3042 -0.622441
41 13.0868 16.5243 -0.274511
42 13.2253 17.7476 -0.533088
43 13.1468 17.8213 -0.258193
44 13.2952 17.4617 -0.342353
45 13.3413 17.5345 -0.19207
46 13.3073 16.9202 -0.169578
47 13.2419 18.3223 -0.495214
48 13.0528 16.1589 -0.657408
49 13.2099 17.3479 -0.0322078
50 13.1565 16.3663 -0.277856
51 13.1026 16.6235 -0.590114
52 13.2756 18.0109 -0.174519
53 13.0541 16.2266 -0.0963366
54 13.1022 15.7844 -0.11365
55 13.0757 16.5577 -0.212699
56 13.0319 15.6056 -0.568784
57 13.2513 17.6939 -0.162025
58 13.2235 17.0105 -0.344688
59 13.1214 16.1447 -0.198073
60 13.1082 16.6365 -0.342432
61 12.997 16.408 -0.507985
62 13.2104 18.3393 -0.485661
63 13.1171 17.1751 -0.446888
64 13.1038 18.0971 -0.206246
65 13.2139 17.4993 -0.304451
66 13.0213 16.549 -0.670021
67 13.0681 17.4723 -0.170805
68 13.1781 16.6057 -0.474385
69 13.1226 16.6169 -0.422177
70 13.2623 17.9276 -0.458519
71 13.2423 17.4424 -0.600695
72 13.2125 16.8301 -0.0942888
73 13.2435 17.5441 -0.0332677
74 13.2103 17.9058 -0.449565
75 13.1189 16.8174 -0.549992
76 13.192 17.2915 -0.451846
77 13.2075 16.8705 -0.363416
78 13.1754 16.9619 -0.184059
79 13.1725 16.6108 -0.285585
80 13.1474 16.9295 -0.241857
81 13.1689 16.5568 -0.523038
82 13.2124 16.9993 -0.523545
83 13.2511 17.4736 -0.104682
84 13.1495 16.5547 -0.332682
85 13.2487 17.4079 -0.132076
86 13.0674 17.1847 -0.530146
87 13.1818 16.4475 -0.134474
88 13.2175 16.7138 -0.477161
89 13.0009 15.6754 -0.419326
90 12.9906 15.8261 -0.349963
91 13.2631 17.5924 -0.0352902
92 13.3209 17.8371 -0.477942
93 13.0679 17.075 -0.614097
94 13.1689 17.7009 -0.60614
95 13.0535 16.6788 -0.611684
96 12.9918 15.4796 -0.681748
97 13.196 17.5018 -0.089839
98 13.147 17.0795 -0.249339
99 13.0498 16.7382 -0.39968
