100
Particles
0 14.186 16.1882 -0.430512
1 14.2848 16.1805 -0.477304
2 14.293 16.5997 -0.432324
3 14.341 17.4003 -0.467368
4 14.3568 16.1409 -0.653496
5 14.2341 16.6827 -0.198064
6 14.2638 16.701 -0.567916
7 14.4077 17.3885 -0.385601
8 14.3702 17.271 -0.181818
9 14.3925 16.7395 -0.599693
10 14.2667 17.3931 -0.533117
11 14.3659 17.1752 -0.198285
12 14.191 16.0184 -0.611133
13 14.2783 16.3097 -0.174079
14 14.2956 17.7418 -0.596922
15 14.2966 15.8831 -0.391138
16 14.3669 17.6822 -0.101342
17 14.3833 16.6234 -0.0868557
18 14.2314 15.9399 -0.0492771
19 14.3108 16.3681 -0.12122
20 14.3909 16.796 -0.0664923
21 14.4493 17.2882 -0.0176201
22 14.3556 16.9292 -0.173054
23 14.3096 16.7885 -0.0418367
24 14.3885 17.5189 -0.50045
25 14.2747 15.9449 -0.510005
26 14.4281 16.8535 -0.489003
27 14.3586 16.4564 -0.112788
28 14.2116 16.62 -0.563442
29 14.3133 17.124 -0.330406
30 14.2779 16.8232 -0.552872
31 14.4666 17.1949 -0.0723035
32 14.4481 16.8803 -0.4186
33 14.2178 16.6032 -0.35076
34 14.2444 16.5224 -0.480099
35 14.1689 16.5762 -0.223715
36 14.081 15.0316 -0.617221
37 14.2688 16.2796 -0.0771311
38 14.3207 17.0715 -0.51654
39 14.2746 16.0409 -0.555083
40 14.2506 15.9672 -0.467618
41 14.1948 15.9803 -0.628506
42 14.3805 17.3107 -0.487553
43 14.3258 17.4214 -0.242223
44 14.4618 17.0193 -0.310971
45 14.4485 16.9703 -0.533808
46 14.4361 16.4244 -0.538809
47 14.4002 17.9088 -0.521229
48 14.2462 15.8331 -0.48308
49 14.3743 16.9194 -0.131788
50 14.3517 16.0735 -0.162324
51 14.3283 16.4277 -0.0468626
52 14.4948 17.7885 -0.179384
53 14.2526 15.9094 -0.296179
54 14.2967 15.4404 -0.353252
55 14.2463 16.1671 -0.381595
56 14.1921 15.1422 -0.408463
57 14.4198 17.3062 -0.354891
58 14.3846 16.5705 -0.437172
59 14.3163 15.8384 -0.424063
60 14.2509 16.1786 -0.260957
61 14.1486 15.9974 -0.149787
62 14.3808 17.9357 -0.461509
63 14.2655 16.7594 -0.59294
64 14.2229 17.5839 -0.253165
65 14.3745 17.0896 -0.584968
66 14.1671 16.065 -0.388629
67 14.1742 16.9206 -0.431281
68 14.3531 16.2532 -0.369276
69 14.2487 16.0951 -0.505337
70 14.4302 17.5258 -0.125265
71 14.3926 16.9807 -0.135656
72 14.3456 16.317 -0.503018
73 14.4421 17.2749 -0.0845163
74 14.3657 17.5349 -0.401211
75 14.3343 16.569 -0.044588
76 14.311 16.7675 -0.421369
77 14.3499 16.3839 -0.45035
78 14.3668 16.6504 -0.368932
79 14.3586 16.2517 -0.227702
80 14.3011 16.5037 -0.0460331
81 14.359 16.2411 -0.471422
82 14.3126 16.4344 -0.419048
83 14.4735 17.2396 -0.190754
84 14.2794 16.0431 -0.295073
85 14.4235 17.03 -0.0818596
86 14.2684 16.9026 -0.0737726
87 14.3726 16.1026 -0.470054
88 14.3399 16.202 -0.619039
89 14.1039 15.144 -0.662761
90 14.1532 15.3892 -0.260789
91 14.4867 17.3466 -0.261929
92 14.5043 17.5083 -0.0622917
93 14.281 16.8138 -0.323425
94 14.3388 17.3388 -0.111006
95 14.2323 16.3375 -0.350656
96 14.1637 15.0636 -0.352358
97 14.3478 17.0584 -0.525404
98 14.3382 16.7888 -0.179171
99 14.212 16.334 -0.344398
