100
Particles
0 15.3557 15.7938 -0.17554
1 15.4444 15.7556 -0.0826086
2 15.3928 16.0507 -0.482759
3 15.4179 16.7675 -0.528631
4 15.5168 15.7241 -0.38919
5 15.4162 16.3379 -0.481152
6 15.4679 16.3962 -0.163799
7 15.5414 16.9225 -0.491622
8 15.5688 16.9175 -0.269238
9 15.571 16.4194 -0.459358
10 15.4071 16.9094 -0.344386
11 15.4676 16.5985 -0.498765
12 15.3742 15.667 -0.558847
13 15.4152 15.8083 -0.448473
14 15.4512 17.3051 -0.14835
15 15.4942 15.5712 -0.213266
16 15.5479 17.3633 -0.434119
17 15.5368 16.189 -0.479445
18 15.4187 15.5799 -0.162168
19 15.4444 15.8641 -0.482196
20 15.5858 16.4642 -0.386094
21 15.663 17.0203 -0.107716
22 15.5805 16.6955 -0.223407
23 15.4631 16.4196 -0.291635
24 15.5396 17.0492 -0.286428
25 15.4573 15.6124 -0.122797
26 15.609 16.469 -0.473817
27 15.5279 16.0697 -0.609919
28 15.397 16.2769 -0.0194261
29 15.4429 16.6147 -0.493901
30 15.5013 16.5849 -0.278802
31 15.6761 16.9518 -0.113418
32 15.5963 16.5072 -0.317697
33 15.3385 16.0742 -0.322409
34 15.4275 16.1427 -0.423084
35 15.2947 16.1319 -0.505762
36 15.2853 14.814 -0.0137766
37 15.4686 15.966 -0.129019
38 15.4938 16.6861 -0.222309
39 15.4526 15.7475 -0.0224721
40 15.4259 15.5641 -0.264405
41 15.3084 15.4915 -0.0733879
42 15.5554 16.9228 -0.404904
43 15.4937 17.033 -0.311761
44 15.6318 16.6371 -0.100692
45 15.6209 16.5401 -0.320984
46 15.5899 15.9733 -0.505091
47 15.5413 17.4403 -0.541155
48 15.3651 15.279 -0.511413
49 15.5369 16.5013 -0.332124
50 15.582 15.8688 -0.281158
51 15.5122 16.0703 -0.392957
52 15.6776 17.4663 -0.341034
53 15.4802 15.7449 0.00308884
54 15.3893 14.8679 -0.490046
55 15.4407 15.8265 -0.345128
56 15.2984 14.5679 -0.430134
57 15.5685 16.8717 -0.509139
58 15.5639 16.1679 -0.273025
59 15.4406 15.3315 -0.585612
60 15.4055 15.7576 -0.544253
61 15.2751 15.5102 -0.454963
62 15.5186 17.4566 -0.448307
63 15.4073 16.3233 -0.0501005
64 15.4306 17.3202 -0.405156
65 15.5667 16.7539 -0.237556
66 15.3396 15.7042 -0.0124674
67 15.355 16.5378 -0.288682
68 15.5232 15.8783 -0.387051
69 15.4431 15.746 -0.179526
70 15.5906 17.1661 -0.578577
71 15.5815 16.65 -0.483068
72 15.4833 15.8414 -0.379295
73 15.5776 16.8029 -0.367732
74 15.5181 17.0529 -0.462155
75 15.4972 16.144 -0.611434
76 15.5093 16.4733 -0.301804
77 15.4746 15.9097 -0.596102
78 15.5289 16.2283 -0.322124
79 15.4908 15.8098 -0.149401
80 15.4019 15.9289 -0.48055
81 15.5008 15.7829 -0.362178
82 15.5128 16.1594 -0.319884
83 15.6487 16.8281 -0.280297
84 15.4171 15.5842 -0.31391
85 15.6184 16.6952 -0.171627
86 15.4123 16.4575 -0.560066
87 15.5573 15.7384 -0.450582
88 15.5283 15.9069 -0.154225
89 15.2532 14.7076 -0.595956
90 15.3341 15.076 -0.0416274
91 15.6284 16.9121 -0.382049
92 15.7098 17.2441 -0.0303149
93 15.4657 16.4388 -0.250903
94 15.5192 17.0251 -0.39289
95 15.397 15.9147 -0.404118
96 15.28 14.5593 -0.601966
97 15.5464 16.7231 -0.154731
98 15.5491 16.5231 -0.263533
99 15.3654 15.8922 -0.273698
