100
Particles
0 3.92475 19.768 -0.219577
1 3.93982 19.7333 -0.254814
2 3.94394 0.281068 0.15702
3 3.93905 0.0815344 -0.0917709
4 3.93764 19.9574 0.0179332
5 3.92619 19.9101 -0.247541
6 3.92172 19.8419 -0.355316
7 3.94789 19.8459 -0.195632
8 3.92904 19.6307 -0.211852
9 3.93164 0.177576 -0.108087
10 3.92173 19.7794 -0.126742
11 3.94915 0.165585 0.201701
12 3.92317 0.0349186 0.0855251
13 3.93631 19.8236 0.140315
14 3.93439 19.9843 0.211269
15 3.92149 19.8255 -0.26521
16 3.94373 0.216654 -0.0240156
17 3.93891 0.0675873 0.0903063
18 3.92081 19.6771 0.00991781
19 3.95416 0.0593904 -0.126975
20 3.93049 0.0271974 0.0617513
21 3.9477 19.7217 -0.212945
22 3.90999 19.8745 -0.300116
23 3.9331 19.9454 0.170066
24 3.93266 19.9331 0.186782
25 3.92976 19.5478 -0.381444
26 3.93385 19.7253 0.146921
27 3.94048 19.9903 0.204465
28 3.9575 0.224612 0.171038
29 3.95189 0.0151674 0.202734
30 3.93702 19.8491 -0.374657
31 3.941 19.8715 0.199822
32 3.93592 19.9781 0.0579043
33 3.91458 19.7738 -0.335524
34 3.92178 0.0845441 -0.297349
35 3.90721 0.0983422 0.157656
36 3.9274 19.9004 0.0971507
37 3.92128 19.9089 0.0448351
38 3.92281 19.7147 -0.0514599
39 3.92487 19.7929 0.153964
40 3.92905 19.9406 0.233814
41 3.93386 19.6321 -0.191574
42 3.95338 0.120815 0.0347511
43 3.93756 19.9932 0.094168
44 3.9376 19.9475 -0.0432283
45 3.95687 19.8901 -0.126418
46 3.95736 19.7346 0.194194
47 3.9605 0.390395 0.065994
48 3.92593 0.0972152 -0.380071
49 3.94098 0.0179708 -0.0590763
50 3.93093 19.8548 -0.170223
51 3.93278 19.9239 -0.266262
52 3.94892 0.363881 0.0615378
53 3.91315 19.7006 0.119562
54 3.92843 19.7398 -0.154735
55 3.95405 0.0292467 -0.0931461
56 3.96137 19.9267 -0.160003
57 3.94829 0.10544 -0.177245
58 3.93356 19.6352 -0.376045
59 3.92553 19.7021 0.174056
60 3.94106 19.9038 0.244418
61 3.93075 0.103516 -0.11656
62 3.9347 0.179274 0.0900987
63 3.94236 19.8479 0.149591
64 3.91276 0.0555883 -0.294162
65 3.90633 19.9918 -0.138572
66 3.9568 19.9675 -0.0646961
67 3.91672 0.370769 0.10204
68 3.93528 19.8096 -0.24029
69 3.93131 19.9001 -0.163229
70 3.95941 0.162012 -0.118909
71 3.94259 0.137559 -0.36398
72 3.9513 19.9489 0.0378585
73 3.9353 19.9899 0.229061
74 3.92498 0.0686545 -0.254125
75 3.93154 0.0329779 -0.142194
76 3.94626 19.9687 -0.254795
77 3.90882 19.6266 -0.309599
78 3.95015 0.359011 -0.0803813
79 3.93276 19.5412 -0.198962
80 3.94871 19.8959 -0.0653493
81 3.92842 19.7756 -0.161597
82 3.93453 19.8261 -0.101951
83 3.93001 0.212075 -0.0826252
84 3.9463 19.7479 -0.307032
85 3.93365 19.7845 -0.115608
86 3.91787 0.149397 0.105327
87 3.93758 19.7421 0.215826
88 3.92479 19.7237 -0.00663316
89 3.9333 19.7561 -0.313789
90 3.92187 19.5661 -0.260347
91 3.92343 19.9425 -0.0753551
92 3.94966 19.9564 0.0815224
93 3.92925 19.8247 -0.210297
94 3.93165 19.8204 -0.269981
95 3.92991 19.6718 -0.173745
96 3.94304 19.9128 0.131707
97 3.91741 0.011388 0.0981021
98 3.91878 19.9141 -0.0806233
99 3.93045 0.0696173 0.0111627
