100
Particles
0 16.569 15.5399 -0.272805
1 16.6066 15.3178 -0.548707
2 16.5381 15.5799 -0.546186
3 16.5852 16.3993 -0.00636018
4 16.7471 15.5241 -0.108736
5 16.5493 15.8925 -0.613329
6 16.5842 15.8638 -0.58591
7 16.6887 16.4906 -0.424763
8 16.7751 16.6908 -0.540855
9 16.7645 16.1248 -0.169801
10 16.5907 16.573 -0.501009
11 16.6416 16.2308 -0.537361
12 16.4906 15.1709 -0.234648
13 16.5941 15.4737 -0.0656857
14 16.623 16.906 -0.511224
15 16.6759 15.2054 -0.239211
16 16.7092 16.9104 -0.405517
17 16.7315 15.8834 -0.291945
18 16.5151 14.9934 -0.306153
19 16.678 15.7351 -0.338237
20 16.7268 16.0051 -0.413191
21 16.7645 16.4472 -0.262494
22 16.7507 16.3474 0.00398595
23 16.65 16.0876 -0.264342
24 16.6841 16.6055 -0.30263
25 16.6443 15.3057 -0.541922
26 16.837 16.2479 -0.241889
27 16.6816 15.6341 -0.218863
28 16.5964 16.0031 -0.198707
29 16.5502 16.0439 -0.572047
30 16.6484 16.1571 -0.27335
31 16.8257 16.5078 -0.140312
32 16.7542 16.085 -0.583931
33 16.5522 15.836 -0.23361
34 16.6489 15.9333 -0.134506
35 16.509 15.8815 -0.113482
36 16.5012 14.5823 -0.117333
37 16.6398 15.5708 -0.322212
38 16.6362 16.239 -0.503974
39 16.6462 15.4781 -0.0686024
40 16.5497 15.0332 -0.494771
41 16.4962 15.1279 -0.305674
42 16.699 16.4894 -0.449364
43 16.6492 16.6119 -0.572128
44 16.821 16.3192 -0.173344
45 16.8012 16.2202 -0.57744
46 16.7874 15.6438 -0.316045
47 16.7339 17.1297 -0.0834742
48 16.5105 14.8421 -0.219726
49 16.6632 15.9757 -0.401813
50 16.7698 15.5216 -0.456983
51 16.6891 15.7431 -0.50524
52 16.85 17.0663 -0.423687
53 16.6532 15.3854 -0.0738482
54 16.5896 14.5621 -0.0810197
55 16.5697 15.3095 -0.363953
56 16.4824 14.1896 -0.333486
57 16.7075 16.4031 -0.565654
58 16.7366 15.8118 -0.146081
59 16.6213 14.9906 -0.502072
60 16.5755 15.3452 -0.174898
61 16.5175 15.3907 -0.180177
62 16.7423 17.2313 -0.286295
63 16.5854 16.0016 -0.562108
64 16.6197 16.9504 -0.358067
65 16.7159 16.3486 -0.340501
66 16.472 15.2812 -0.0708252
67 16.5205 16.1652 -0.271637
68 16.67 15.418 -0.55396
69 16.6736 15.5666 -0.0588652
70 16.7517 16.7694 -0.154874
71 16.7374 16.2033 -0.140176
72 16.6599 15.5127 -0.565834
73 16.7228 16.3582 -0.334278
74 16.7261 16.8276 -0.552674
75 16.711 15.8908 -0.128684
76 16.6772 16.0937 -0.283508
77 16.6789 15.6655 -0.53243
78 16.7497 16.0343 0.0122519
79 16.6955 15.5406 -0.103739
80 16.588 15.5872 -0.315016
81 16.6641 15.3817 -0.335981
82 16.7044 15.8341 -0.187555
83 16.8573 16.5695 -0.155646
84 16.5984 15.2588 -0.378903
85 16.7903 16.3067 -0.222979
86 16.603 16.1506 -0.0914004
87 16.7277 15.3372 -0.100691
88 16.6484 15.3961 -0.538417
89 16.3959 14.2219 -0.334023
90 16.4641 14.5898 -0.588638
91 16.8247 16.6163 -0.116839
92 16.871 16.8979 -0.455464
93 16.6903 16.2429 -0.0493249
94 16.6732 16.581 -0.198772
95 16.6273 15.7832 -0.00408152
96 16.4272 14.2087 -0.0729219
97 16.7439 16.3861 -0.302452
98 16.6623 16.0176 -0.51341
99 16.5755 15.6865 -0.096496
