100
Particles
0 17.7314 15.126 -0.227621
1 17.7951 15.0238 -0.113284
2 17.7059 15.2191 -0.355224
3 17.7146 15.8904 -0.384304
4 17.9729 15.291 -0.252102
5 17.6903 15.4355 -0.443762
6 17.7472 15.5155 -0.32146
7 17.8824 16.2159 -0.319661
8 17.919 16.2488 -0.0973656
9 17.921 15.701 -0.449451
10 17.7526 16.1789 -0.384081
11 17.7782 15.7682 -0.610808
12 17.6594 14.7429 -0.40534
13 17.7201 14.9388 -0.523379
14 17.7869 16.5115 -0.596637
15 17.8679 14.8676 -0.294983
16 17.8985 16.5808 -0.570621
17 17.852 15.3719 -0.146848
18 17.6131 14.4414 -0.663895
19 17.8209 15.3024 -0.51662
20 17.9124 15.7028 -0.458243
21 17.9393 16.0879 -0.29432
22 17.8919 15.871 -0.465907
23 17.8225 15.7272 -0.0764781
24 17.8521 16.2028 -0.117704
25 17.775 14.8627 -0.120643
26 18.0155 15.8971 -0.0783245
27 17.8398 15.2391 -0.41257
28 17.7395 15.5387 -0.500392
29 17.7255 15.7019 -0.611578
30 17.832 15.801 -0.357995
31 17.9876 16.0768 -0.347039
32 17.9218 15.7106 -0.598745
33 17.6743 15.3018 -0.519588
34 17.8309 15.5838 -0.06935
35 17.664 15.4395 -0.185782
36 17.6635 14.1608 -0.0564738
37 17.8476 15.2983 -0.0665013
38 17.8105 15.8615 -0.19044
39 17.8432 15.1337 -0.24203
40 17.7059 14.6075 -0.299022
41 17.6628 14.7646 -0.523862
42 17.9007 16.2215 -0.160143
43 17.8508 16.341 -0.135914
44 17.9431 15.8052 -0.139056
45 17.9338 15.7336 -0.318529
46 17.933 15.2087 -0.513997
47 17.9461 16.8627 -0.188602
48 17.67 14.3962 -0.445038
49 17.7947 15.502 -0.549984
50 17.9665 15.1852 -0.159338
51 17.8717 15.3729 -0.195485
52 17.9837 16.5911 -0.468753
53 17.8129 14.9743 -0.432303
54 17.7921 14.238 -0.270692
55 17.7578 15.0382 -0.257031
56 17.6331 13.7297 -0.424643
57 17.9105 16.1734 -0.0700328
58 17.9169 15.4524 -0.500511
59 17.7654 14.5524 -0.552551
60 17.7357 14.9391 -0.0625946
61 17.6744 14.9416 -0.458763
62 17.9331 16.9968 -0.608443
63 17.7639 15.6512 -0.595915
64 17.8288 16.6613 -0.237635
65 17.8804 15.957 -0.559582
66 17.6026 14.8029 -0.655199
67 17.6662 15.6865 -0.395892
68 17.8957 15.1899 -0.276363
69 17.8457 15.1828 -0.486361
70 17.9281 16.4102 -0.25716
71 17.919 15.888 -0.0598661
72 17.8097 15.0683 -0.503525
73 17.8732 15.8879 -0.22857
74 17.9294 16.5641 -0.348904
75 17.8852 15.5019 -0.199753
76 17.7994 15.5594 -0.515614
77 17.791 15.0992 -0.409815
78 17.8771 15.5035 -0.358018
79 17.8164 15.0114 -0.317466
80 17.6574 14.9524 -0.379338
81 17.8301 14.9783 -0.0888461
82 17.8602 15.4259 -0.192905
83 17.9585 16.0224 -0.582727
84 17.7838 14.906 -0.151637
85 17.9444 15.8851 -0.599494
86 17.7422 15.6607 -0.245631
87 17.9093 14.9844 -0.507877
88 17.7161 14.7573 -0.583794
89 17.5498 13.7535 -0.33351
90 17.6212 14.1497 -0.160032
91 17.9325 16.0898 -0.528513
92 18.1003 16.6977 -0.272606
93 17.8982 16.0104 -0.34849
94 17.8607 16.2463 -0.197117
95 17.727 15.2128 -0.575231
96 17.6086 13.8909 -0.396184
97 17.8376 15.8013 -0.418441
98 17.7333 15.3766 -0.481704
99 17.7514 15.3198 -0.42938
