100
Particles
0 18.9037 14.7072 -0.361555
1 18.9593 14.5965 -0.440944
2 18.8244 14.7482 -0.406635
3 18.826 15.3607 -0.347185
4 19.1059 14.8417 -0.425748
5 18.8027 14.8714 -0.520273
6 18.8628 14.9767 -0.56491
7 19.0066 15.7287 -0.247651
8 19.0941 15.9118 -0.339792
9 19.0777 15.2397 -0.363663
10 18.8503 15.585 -0.453765
11 18.9054 15.2944 -0.141489
12 18.7092 14.1116 -0.640926
13 18.8643 14.4393 -0.329974
14 18.9751 16.1846 -0.414187
15 18.97 14.3315 -0.470541
16 19.0779 16.2124 -0.309665
17 19.0417 15.0411 -0.377312
18 18.6733 13.7925 -0.478025
19 18.9137 14.727 -0.573299
20 19.0401 15.2004 -0.384882
21 19.1636 15.8568 -0.302638
22 19.0584 15.4648 -0.429247
23 18.9731 15.302 -0.144776
24 19.0337 15.831 -0.328801
25 18.9128 14.3788 -0.313055
26 19.2141 15.5725 -0.266667
27 18.9432 14.7144 -0.715203
28 18.8319 14.9686 -0.319742
29 18.8669 15.2887 -0.694004
30 18.9764 15.3443 -0.675066
31 19.1265 15.6538 -0.141728
32 19.075 15.2841 -0.476941
33 18.8398 14.8876 -0.442303
34 18.9851 15.1293 -0.532062
35 18.7433 14.8655 -0.587233
36 18.8535 13.8262 -0.490471
37 19.0471 14.9898 -0.0990622
38 18.9168 15.3366 -0.44398
39 19.0549 14.8753 -0.241822
40 18.7514 13.9333 -0.649655
41 18.7756 14.2381 -0.709388
42 19.0131 15.6842 -0.514205
43 18.9606 15.8284 -0.650985
44 19.0781 15.3372 -0.641123
45 19.0228 15.1372 -0.604275
46 19.039 14.6716 -0.601331
47 19.1362 16.5251 -0.426419
48 18.8053 13.9147 -0.513981
49 18.9103 14.9904 -0.403232
50 19.1155 14.7328 -0.249621
51 19.0215 14.9122 -0.303238
52 19.1674 16.2175 -0.34184
53 18.9089 14.4027 -0.416888
54 18.9124 13.704 -0.373332
55 18.9134 14.6273 -0.0995638
56 18.8033 13.3289 -0.305194
57 19.1034 15.8576 -0.335899
58 19.0617 14.9678 -0.353732
59 18.9166 14.1402 -0.443135
60 18.7949 14.3022 -0.269414
61 18.7643 14.3506 -0.679088
62 19.0764 16.5233 -0.181906
63 18.9506 15.2989 -0.347486
64 18.9108 16.0404 -0.418532
65 18.9492 15.3419 -0.597061
66 18.7165 14.287 -0.52569
67 18.7535 15.1001 -0.641514
68 19.0246 14.667 -0.568553
69 18.9172 14.5469 -0.614053
70 19.039 15.879 -0.383876
71 19.0401 15.3573 -0.294161
72 18.9731 14.6659 -0.628614
73 19.0182 15.4344 -0.404511
74 19.0933 16.1645 -0.548197
75 19.0421 15.1021 -0.599125
76 18.9642 15.1535 -0.48249
77 18.9117 14.5666 -0.317318
78 19.0419 15.0932 -0.101041
79 18.9109 14.4223 -0.441391
80 18.7607 14.4272 -0.360372
81 18.9924 14.582 -0.260029
82 19.095 15.2407 -0.160384
83 19.1168 15.587 -0.383471
84 18.9613 14.5396 -0.415907
85 19.0806 15.4557 -0.571114
86 18.92 15.3016 -0.10827
87 19.0324 14.4885 -0.26085
88 18.8273 14.2106 -0.583079
89 18.6253 13.1634 -0.735791
90 18.7244 13.6139 -0.221875
91 19.0138 15.4833 -0.657862
92 19.2359 16.218 -0.323587
93 19.0285 15.5662 -0.133901
94 18.9475 15.6325 -0.44593
95 18.8328 14.6529 -0.304204
96 18.6501 13.2062 -0.650238
97 19.0521 15.5636 -0.172086
98 18.9365 15.0528 -0.309718
99 18.9268 14.9677 -0.180458
