100
Particles
0 0.0755263 14.3159 -0.38937
1 0.1034 14.1322 -0.131567
2 19.9711 14.281 -0.329938
3 19.9185 14.7849 -0.229511
4 0.121828 14.1196 -0.625694
5 19.8222 14.1702 -0.692655
6 0.018654 14.5577 -0.189005
7 0.143284 15.278 -0.68732
8 0.207867 15.3805 -0.576329
9 0.247553 14.8413 -0.335803
10 19.9813 15.0828 -0.494729
11 0.0798879 14.9245 -0.198109
12 19.7929 13.5178 -0.47385
13 19.9101 13.7585 -0.621886
14 0.143557 15.822 -0.101053
15 0.0743911 13.778 -0.3626
16 0.264873 15.8694 -0.129248
17 0.132045 14.4649 -0.548087
18 19.7659 13.2294 -0.359101
19 0.0780607 14.3323 -0.287351
20 0.0939419 14.5325 -0.603246
21 0.303434 15.413 -0.194521
22 0.224902 15.0881 -0.302417
23 0.0237271 14.6582 -0.233493
24 0.165873 15.3586 -0.617969
25 19.9064 13.6248 -0.548257
26 0.359755 15.1088 -0.320275
27 0.123306 14.3209 -0.349978
28 19.9782 14.5083 -0.217012
29 19.984 14.7662 -0.476974
30 0.158551 14.9478 -0.254616
31 0.220631 15.0915 -0.17543
32 0.215855 14.7892 -0.377946
33 19.9409 14.344 -0.71358
34 0.178978 14.7626 -0.328356
35 19.9053 14.4562 -0.400458
36 19.9683 13.275 -0.477286
37 0.207262 14.5718 -0.173834
38 0.0922596 14.9553 -0.146346
39 0.227853 14.4878 -0.568211
40 19.8503 13.3748 -0.483749
41 19.8103 13.5532 -0.401225
42 0.0923235 15.0589 -0.546805
43 0.0954082 15.3366 -0.164221
44 0.174098 14.7491 -0.422995
45 0.107983 14.5468 -0.445882
46 0.197992 14.2388 -0.19479
47 0.248088 15.9744 -0.298304
48 19.8974 13.3298 -0.479613
49 0.00981702 14.4669 -0.691295
50 0.317474 14.4074 -0.131964
51 0.154972 14.4527 -0.547646
52 0.30004 15.7918 -0.156173
53 0.00794388 13.846 -0.549649
54 19.9373 13.0375 -0.713713
55 0.0381515 14.1106 -0.555836
56 19.788 12.5845 -0.657198
57 0.229143 15.3713 -0.296467
58 0.201139 14.4931 -0.535301
59 0.0745419 13.6944 -0.30049
60 19.8675 13.6915 -0.512257
61 19.8842 13.836 -0.250434
62 0.168926 15.9312 -0.61973
63 0.106749 14.8691 -0.112356
64 19.9589 15.4097 -0.660597
65 0.060151 14.8432 -0.329768
66 19.8439 13.7662 -0.389974
67 19.9156 14.6879 -0.426841
68 0.12338 14.1069 -0.589293
69 0.0426947 14.046 -0.532272
70 0.1399 15.3061 -0.556661
71 0.215385 14.9945 -0.321366
72 0.129741 14.2012 -0.422731
73 0.191584 15.0505 -0.107727
74 0.221222 15.6532 -0.447565
75 0.217113 14.7174 -0.109839
76 0.103848 14.6672 -0.33201
77 0.0605793 14.1393 -0.235086
78 0.164564 14.5797 -0.475432
79 19.9752 13.7724 -0.511517
80 19.8196 13.7703 -0.580816
81 0.0503437 13.9547 -0.68654
82 0.227845 14.7742 -0.618751
83 0.238246 15.0928 -0.261165
84 0.0953088 14.0668 -0.59858
85 0.184599 14.9002 -0.627283
86 0.0785349 14.896 -0.119439
87 0.10975 13.8847 -0.440011
88 19.9481 13.701 -0.154157
89 19.6367 12.4519 -0.431147
90 19.7669 12.9581 -0.462851
91 0.140007 14.9636 -0.459585
92 0.348879 15.6668 -0.471762
93 0.175394 15.1041 -0.0992753
94 0.0532696 15.071 -0.535607
95 0.0166325 14.2715 -0.29026
96 19.6424 12.4614 -0.617023
97 0.0983934 14.8928 -0.634182
98 0.0575767 14.5552 -0.656816
99 0.032963 14.4634 -0.685871
