100
Particles
0 1.22928 13.9068 -0.196978
1 1.19017 13.5378 -0.526192
2 1.09847 13.81 -0.229047
3 1.07273 14.3475 -0.0870345
4 1.15111 13.4131 -0.583038
5 0.935939 13.6442 -0.40998
6 1.18689 14.1676 -0.624234
7 1.26948 14.7932 -0.154588
8 1.31279 14.8641 -0.664375
9 1.42675 14.4932 -0.143102
10 1.08635 14.5705 -0.208652
11 1.20186 14.3918 -0.362121
12 0.990573 13.2027 -0.126128
13 1.10947 13.4373 -0.143679
14 1.29507 15.3523 -0.196469
15 1.23801 13.4128 -0.148407
16 1.38599 15.3364 -0.414619
17 1.24835 13.9488 -0.440586
18 0.885828 12.7219 -0.511585
19 1.20443 13.8455 -0.359307
20 1.27695 14.1692 -0.193023
21 1.42237 14.9071 -0.599825
22 1.40899 14.7263 -0.450879
23 1.15914 14.2194 -0.208354
24 1.30879 14.8659 -0.476103
25 1.05408 13.1735 -0.432073
26 1.45227 14.573 -0.696994
27 1.25219 13.8498 -0.579518
28 1.15538 14.1689 -0.160566
29 1.11137 14.2597 -0.350626
30 1.21981 14.338 -0.698052
31 1.27926 14.469 -0.535631
32 1.30076 14.2054 -0.575838
33 1.09528 13.9494 -0.579247
34 1.32644 14.3074 -0.310574
35 1.07006 14.0154 -0.288733
36 1.1274 12.8909 -0.232708
37 1.35974 14.137 -0.37073
38 1.16367 14.3675 -0.338768
39 1.38413 14.0845 -0.653912
40 0.978641 12.9584 -0.0378027
41 0.993967 13.1797 -0.353625
42 1.29343 14.73 -0.312241
43 1.23743 14.8931 -0.293899
44 1.30386 14.2855 -0.483755
45 1.13668 13.84 -0.636992
46 1.3322 13.7578 -0.589598
47 1.34839 15.402 -0.499983
48 0.93822 12.6577 -0.549882
49 1.16757 14.0094 -0.286935
50 1.35686 13.7224 -0.469979
51 1.34313 14.0736 -0.328509
52 1.4302 15.3661 -0.494482
53 1.17375 13.4845 -0.0599961
54 1.12271 12.6838 -0.103781
55 1.22848 13.7727 -0.237745
56 0.90389 12.0647 -0.209238
57 1.30047 14.7764 -0.689344
58 1.35669 14.0295 -0.241245
59 1.25436 13.2835 -0.352274
60 1.02089 13.2339 -0.512669
61 1.0607 13.4868 -0.140235
62 1.24273 15.3324 -0.647332
63 1.26384 14.4856 -0.221002
64 1.08988 14.8971 -0.409982
65 1.19493 14.3387 -0.276171
66 0.986784 13.2894 -0.362505
67 1.03708 14.2018 -0.694496
68 1.24916 13.6466 -0.108666
69 1.20834 13.6519 -0.637783
70 1.25525 14.7854 -0.514707
71 1.42934 14.7034 -0.18034
72 1.21809 13.6229 -0.27206
73 1.33065 14.5873 -0.334662
74 1.3811 15.3049 -0.612953
75 1.36337 14.2882 -0.641689
76 1.25487 14.2415 -0.662353
77 1.24041 13.795 -0.146997
78 1.28801 14.097 -0.670621
79 1.10027 13.2533 -0.557193
80 0.931383 13.2352 -0.228133
81 1.21443 13.551 -0.475934
82 1.30507 14.1696 -0.365512
83 1.33436 14.5337 -0.686139
84 1.19807 13.4992 -0.32205
85 1.28047 14.3601 -0.308166
86 1.27418 14.5533 -0.1457
87 1.2408 13.3647 -0.27656
88 1.11461 13.2956 -0.644482
89 0.779913 11.996 -0.390299
90 0.885592 12.433 -0.604979
91 1.25702 14.4076 -0.550243
92 1.51238 15.2624 -0.652734
93 1.30344 14.6418 -0.650488
94 1.19106 14.6121 -0.280013
95 1.1458 13.7818 -0.467483
96 0.740279 11.934 -0.155639
97 1.26179 14.514 -0.508254
98 1.21039 14.1553 -0.231269
99 1.19633 14.0403 -0.313437
