100
Particles
0 2.3682 13.4047 -0.409575
1 2.35845 13.1454 -0.475551
2 2.22702 13.2952 -0.588894
3 2.22335 13.8952 -0.480712
4 2.34714 13.0868 -0.224679
5 2.10571 13.2595 -0.141035
6 2.27683 13.6007 -0.350059
7 2.38765 14.2831 -0.145019
8 2.44982 14.3575 -0.316653
9 2.64557 14.2301 -0.16096
10 2.2145 14.0727 -0.6321
11 2.37368 14.0521 -0.221914
12 2.12473 12.7614 -0.157136
13 2.21224 12.8975 -0.626051
14 2.36963 14.7312 -0.432322
15 2.37091 12.9448 -0.675226
16 2.56438 14.98 -0.266031
17 2.4501 13.6154 -0.190992
18 2.03811 12.2716 -0.534918
19 2.34545 13.3796 -0.643734
20 2.37546 13.6257 -0.368502
21 2.50658 14.337 -0.629598
22 2.4456 14.0346 -0.634009
23 2.29556 13.7431 -0.537602
24 2.47619 14.4289 -0.403404
25 2.18323 12.6654 -0.520137
26 2.58215 14.1273 -0.119284
27 2.33263 13.2396 -0.422733
28 2.32236 13.7625 -0.582982
29 2.27776 13.8692 -0.188901
30 2.38257 13.9035 -0.350025
31 2.38943 13.9048 -0.5959
32 2.42882 13.7278 -0.610088
33 2.28417 13.5861 -0.376988
34 2.49975 13.91 -0.37612
35 2.24861 13.6442 -0.249958
36 2.31132 12.5177 -0.416671
37 2.46001 13.5565 -0.422908
38 2.3249 13.9657 -0.41903
39 2.45969 13.5019 -0.508065
40 2.11601 12.4639 -0.309558
41 2.19952 12.9114 -0.124285
42 2.3985 14.2013 -0.43103
43 2.34176 14.3565 -0.458041
44 2.47796 13.8984 -0.509607
45 2.29339 13.4589 -0.608456
46 2.54553 13.5009 -0.149073
47 2.49905 14.9395 -0.234994
48 2.13471 12.3276 -0.374726
49 2.3333 13.6009 -0.239902
50 2.50113 13.296 -0.594016
51 2.49416 13.675 -0.123161
52 2.51245 14.7831 -0.57638
53 2.34912 13.1256 -0.448401
54 2.36481 12.5731 -0.148033
55 2.36825 13.2995 -0.462164
56 2.07424 11.688 -0.347196
57 2.46139 14.359 -0.143214
58 2.4993 13.5707 -0.30503
59 2.41696 12.8694 -0.349936
60 2.15954 12.7364 -0.30604
61 2.22236 13.0856 -0.459397
62 2.33681 14.7425 -0.554746
63 2.34145 13.9218 -0.0558572
64 2.28345 14.5355 -0.237173
65 2.3431 13.9372 -0.243316
66 2.1132 12.7841 -0.451356
67 2.13033 13.6016 -0.526606
68 2.42037 13.2383 -0.221824
69 2.38289 13.2515 -0.371424
70 2.37073 14.2725 -0.413037
71 2.59138 14.2683 -0.481651
72 2.41684 13.3233 -0.493194
73 2.47157 14.1076 -0.357828
74 2.49494 14.8024 -0.134522
75 2.46652 13.7516 -0.40498
76 2.45391 13.9166 -0.441295
77 2.35072 13.2414 -0.63225
78 2.48044 13.7355 -0.441008
79 2.21224 12.7522 -0.0742644
80 2.14574 12.9494 -0.315178
81 2.40638 13.1922 -0.333914
82 2.441 13.6901 -0.57609
83 2.47794 14.0833 -0.063174
84 2.37165 13.1286 -0.155635
85 2.44746 13.9428 -0.259068
86 2.32616 13.8822 -0.51966
87 2.35129 12.851 -0.64305
88 2.27867 12.8942 -0.462527
89 1.91713 11.5008 -0.206597
90 2.05874 12.0748 -0.186737
91 2.40386 13.9712 -0.471658
92 2.61369 14.6922 -0.511479
93 2.48567 14.2636 -0.156668
94 2.32828 14.1507 -0.35691
95 2.24068 13.204 -0.52573
96 1.85928 11.4486 -0.756521
97 2.31964 13.8681 -0.493401
98 2.28505 13.5236 -0.416757
99 2.35106 13.6002 -0.416812
