100
Particles
0 3.46671 12.8299 -0.392945
1 3.4336 12.5421 -0.600902
2 3.28362 12.6663 -0.716143
3 3.34314 13.3988 -0.687287
4 3.37958 12.4021 -0.665598
5 3.23125 12.7636 -0.629177
6 3.44042 13.1846 -0.335566
7 3.52913 13.8242 -0.389078
8 3.60467 13.9078 -0.155127
9 3.62105 13.4498 -0.711332
10 3.35456 13.6156 -0.672853
11 3.49594 13.5463 -0.343106
12 3.2499 12.2442 -0.616072
13 3.36055 12.4558 -0.594491
14 3.4977 14.2261 -0.294647
15 3.47679 12.4027 -0.365989
16 3.72448 14.5522 -0.632199
17 3.5323 13.0302 -0.196064
18 3.14946 11.7069 -0.538114
19 3.44831 12.8379 -0.552266
20 3.53027 13.1973 -0.260292
21 3.56201 13.7004 -0.687433
22 3.58644 13.5381 -0.466043
23 3.43319 13.2703 -0.276675
24 3.59454 13.9079 -0.31361
25 3.39043 12.3716 -0.356372
26 3.71925 13.6848 -0.664086
27 3.42326 12.6878 -0.331705
28 3.43552 13.2292 -0.64207
29 3.47705 13.5427 -0.385588
30 3.46852 13.2984 -0.425613
31 3.43558 13.2461 -0.283132
32 3.4619 13.05 -0.68074
33 3.39159 13.0511 -0.204037
34 3.57396 13.3372 -0.739178
35 3.32094 13.0314 -0.276618
36 3.40723 11.9361 -0.316627
37 3.50406 12.8905 -0.623864
38 3.50005 13.5897 -0.617417
39 3.59179 13.0391 -0.643649
40 3.25497 12.0045 -0.301229
41 3.37375 12.5075 -0.433875
42 3.54379 13.7615 -0.176069
43 3.49734 13.899 -0.483077
44 3.56776 13.3068 -0.396113
45 3.45588 13.0906 -0.343093
46 3.60037 12.8571 -0.750574
47 3.64292 14.4661 -0.450865
48 3.16155 11.6321 -0.761918
49 3.46718 13.0843 -0.39437
50 3.59115 12.714 -0.712435
51 3.62528 13.2105 -0.677178
52 3.55493 14.1226 -0.674754
53 3.45056 12.5857 -0.678612
54 3.4781 12.0474 -0.611473
55 3.54769 12.9538 -0.539504
56 3.19314 11.1994 -0.712676
57 3.60128 13.8966 -0.63746
58 3.65988 13.1372 -0.254957
59 3.57862 12.4667 -0.228505
60 3.33159 12.332 -0.170591
61 3.38837 12.644 -0.455768
62 3.40634 14.1432 -0.126155
63 3.47623 13.4346 -0.558122
64 3.33073 13.9038 -0.162514
65 3.47382 13.4859 -0.401004
66 3.26839 12.397 -0.489207
67 3.23774 13.0269 -0.513709
68 3.4894 12.6426 -0.649642
69 3.47454 12.668 -0.341675
70 3.51708 13.8482 -0.689839
71 3.75935 13.8591 -0.489081
72 3.49591 12.7135 -0.70302
73 3.56315 13.5447 -0.273546
74 3.62668 14.3398 -0.537237
75 3.67327 13.4278 -0.252556
76 3.58932 13.4252 -0.29388
77 3.47053 12.7504 -0.644562
78 3.59439 13.1964 -0.371146
79 3.39944 12.411 -0.19975
80 3.20924 12.3414 -0.194381
81 3.50258 12.6427 -0.465764
82 3.56384 13.2311 -0.396691
83 3.55768 13.4952 -0.620917
84 3.49797 12.6153 -0.473607
85 3.54381 13.3936 -0.579097
86 3.44318 13.3507 -0.383564
87 3.4686 12.3549 -0.595876
88 3.39817 12.3726 -0.662453
89 3.08779 11.0701 -0.3369
90 3.15773 11.5038 -0.260574
91 3.52994 13.4775 -0.426572
92 3.73887 14.1696 -0.249086
93 3.61909 13.8243 -0.175318
94 3.39775 13.557 -0.647366
95 3.41152 12.7875 -0.327929
96 2.88377 10.7739 -0.462251
97 3.40571 13.2843 -0.206676
98 3.42308 13.0143 -0.300389
99 3.4239 12.9766 -0.620824
