100
Particles
0 4.50885 12.1716 -0.659136
1 4.53146 11.9568 -0.652291
2 4.44366 12.2227 -0.320724
3 4.41775 12.7643 -0.535557
4 4.44442 11.7606 -0.463237
5 4.36738 12.2689 -0.524742
6 4.54982 12.6503 -0.524237
7 4.65225 13.3682 -0.103996
8 4.64111 13.2311 -0.376542
9 4.73528 12.9222 -0.474595
10 4.49043 13.1105 -0.428493
11 4.58888 12.9993 -0.70972
12 4.43342 11.8754 -0.285505
13 4.41653 11.8215 -0.329853
14 4.6268 13.7798 -0.0690308
15 4.62878 12.0111 -0.298175
16 4.77683 13.8911 -0.525592
17 4.66334 12.5477 -0.382856
18 4.29661 11.2499 -0.25266
19 4.61624 12.428 -0.453331
20 4.72462 12.8474 -0.316128
21 4.69279 13.2146 -0.619123
22 4.70874 13.0382 -0.329486
23 4.49677 12.6545 -0.176745
24 4.74542 13.4505 -0.503678
25 4.52227 11.8931 -0.111008
26 4.80489 13.1077 -0.546002
27 4.57842 12.2685 -0.517648
28 4.51747 12.636 -0.656994
29 4.58291 12.9851 -0.486073
30 4.59568 12.7964 -0.368905
31 4.5463 12.7135 -0.533807
32 4.5821 12.5704 -0.208959
33 4.52335 12.5494 -0.223854
34 4.64687 12.729 -0.677579
35 4.4913 12.6328 -0.124331
36 4.57129 11.52 -0.225692
37 4.61803 12.3969 -0.116147
38 4.66832 13.1647 -0.408081
39 4.6707 12.4287 -0.570168
40 4.42282 11.5718 -0.446926
41 4.49834 11.9916 -0.575109
42 4.66957 13.2519 -0.476156
43 4.62966 13.4061 -0.652111
44 4.64071 12.6922 -0.674136
45 4.63388 12.7203 -0.412938
46 4.68268 12.287 -0.13283
47 4.79296 14.0176 -0.327765
48 4.32264 11.1983 -0.55492
49 4.49354 12.3885 -0.514263
50 4.75819 12.3232 -0.467495
51 4.73358 12.6491 -0.578543
52 4.62469 13.4923 -0.553104
53 4.53044 12.0062 -0.334348
54 4.50237 11.3613 -0.600036
55 4.60143 12.3327 -0.459478
56 4.26919 10.58 -0.519115
57 4.73297 13.4141 -0.185711
58 4.73564 12.5165 -0.41999
59 4.70883 11.9805 -0.501963
60 4.40225 11.7081 -0.713854
61 4.53994 12.1759 -0.547806
62 4.5378 13.6561 -0.502212
63 4.63106 12.9617 -0.304543
64 4.44535 13.3726 -0.558515
65 4.55656 12.8735 -0.470309
66 4.44024 11.9737 -0.409553
67 4.3884 12.5753 -0.589159
68 4.52107 11.976 -0.681405
69 4.48398 11.9553 -0.615959
70 4.62792 13.3342 -0.196342
71 4.80538 13.2112 -0.618038
72 4.61333 12.2019 -0.251253
73 4.7424 13.18 -0.397498
74 4.77073 13.8793 -0.330037
75 4.80331 12.9347 -0.177306
76 4.71795 12.9423 -0.709746
77 4.5718 12.186 -0.388668
78 4.7366 12.7581 -0.28606
79 4.56036 11.9854 -0.174248
80 4.33987 11.845 -0.41718
81 4.62704 12.1237 -0.380747
82 4.69186 12.7169 -0.582375
83 4.61351 12.8753 -0.21161
84 4.57793 12.0021 -0.500092
85 4.68558 12.9163 -0.627327
86 4.57003 12.8369 -0.502566
87 4.63519 11.9281 -0.390641
88 4.47557 11.7551 -0.428891
89 4.16051 10.4532 -0.424548
90 4.2254 10.875 -0.653233
91 4.66518 12.9683 -0.548589
92 4.86199 13.667 -0.584891
93 4.747 13.3743 -0.177907
94 4.5269 13.0776 -0.711087
95 4.44315 12.1476 -0.559258
96 4.06689 10.401 -0.268483
97 4.52983 12.7658 -0.359588
98 4.57667 12.5875 -0.110151
99 4.56215 12.4758 -0.551873
