100
Particles
0 5.63034 11.6445 -0.353534
1 5.6668 11.4675 -0.42736
2 5.57897 11.7304 -0.559983
3 5.51338 12.2242 -0.164513
4 5.53562 11.1759 -0.677637
5 5.50739 11.7841 -0.226724
6 5.67249 12.1193 -0.439552
7 5.77378 12.8431 -0.3437
8 5.81267 12.8416 -0.122525
9 5.8463 12.3758 -0.285462
10 5.58038 12.5183 -0.374154
11 5.66391 12.3979 -0.714136
12 5.52714 11.3537 -0.126929
13 5.50437 11.2705 -0.231408
14 5.76433 13.333 -0.130283
15 5.79325 11.6158 -0.52866
16 5.95753 13.5222 -0.267543
17 5.81438 12.1192 -0.11872
18 5.39558 10.6839 -0.58068
19 5.74636 11.9488 -0.468357
20 5.91794 12.5016 -0.485648
21 5.80697 12.7422 -0.13555
22 5.85401 12.5896 -0.482147
23 5.60233 12.0953 -0.647391
24 5.93763 13.1019 -0.118061
25 5.59919 11.2886 -0.620731
26 5.91627 12.5816 -0.276746
27 5.67067 11.7179 -0.434434
28 5.69642 12.2452 -0.221134
29 5.69284 12.4561 -0.210371
30 5.68091 12.2167 -0.38594
31 5.69229 12.2738 -0.498076
32 5.67928 11.9797 -0.564011
33 5.65494 12.0612 -0.116476
34 5.79672 12.2718 -0.259636
35 5.65893 12.2287 -0.266385
36 5.61184 10.8773 -0.6418
37 5.80515 12.02 -0.348468
38 5.76076 12.5725 -0.641531
39 5.8058 11.9275 -0.224527
40 5.57705 11.1226 -0.261596
41 5.6622 11.6211 -0.115433
42 5.78705 12.7669 -0.160393
43 5.75171 12.8876 -0.468425
44 5.81144 12.3091 -0.109818
45 5.80551 12.3385 -0.245471
46 5.79598 11.7528 -0.430115
47 5.80727 13.295 -0.7187
48 5.48458 10.7714 -0.192738
49 5.61098 11.8682 -0.502368
50 5.90192 11.8844 -0.150151
51 5.91362 12.2775 -0.271944
52 5.76954 13.0228 -0.206843
53 5.68934 11.5679 -0.224167
54 5.60807 10.842 -0.16196
55 5.76891 11.9006 -0.46088
56 5.31334 9.95 -0.847469
57 5.8246 12.829 -0.663479
58 5.87688 12.056 -0.514056
59 5.8204 11.4451 -0.559814
60 5.49052 11.1428 -0.565325
61 5.60227 11.5613 -0.733045
62 5.70465 13.2188 -0.382776
63 5.71605 12.3481 -0.414168
64 5.5657 12.8513 -0.303574
65 5.61267 12.2473 -0.702709
66 5.60716 11.5995 -0.16274
67 5.42073 11.8866 -0.637377
68 5.72939 11.6628 -0.315468
69 5.5831 11.3789 -0.388467
70 5.75305 12.8575 -0.469026
71 6.01273 12.9034 -0.149745
72 5.71051 11.6486 -0.398822
73 5.91706 12.7973 -0.169208
74 5.89863 13.3549 -0.577583
75 5.89001 12.3602 -0.702979
76 5.79186 12.3694 -0.584932
77 5.70009 11.6854 -0.167917
78 5.81025 12.138 -0.487742
79 5.70341 11.5407 -0.118832
80 5.47175 11.3922 -0.287461
81 5.72483 11.5882 -0.657904
82 5.79811 12.1563 -0.535906
83 5.80902 12.5291 -0.38056
84 5.67139 11.4318 -0.402632
85 5.83034 12.466 -0.193322
86 5.63041 12.2466 -0.327562
87 5.70362 11.2965 -0.607052
88 5.51184 11.0954 -0.378377
89 5.17783 9.76278 -0.389454
90 5.24837 10.1915 -0.840927
91 5.75034 12.3876 -0.226465
92 5.96351 13.1443 -0.26612
93 5.81241 12.7461 -0.296009
94 5.56863 12.4097 -0.696336
95 5.58233 11.6619 -0.600648
96 5.09543 9.72122 -0.757274
97 5.72197 12.407 -0.359318
98 5.66454 11.9953 -0.589249
99 5.63054 11.8839 -0.485811
