100
Particles
0 6.74198 11.1229 -0.394598
1 6.80637 11.0014 -0.162802
2 6.75117 11.3332 -0.557563
3 6.62184 11.6811 -0.228121
4 6.64164 10.6438 -0.552298
5 6.68685 11.4204 -0.152918
6 6.80628 11.644 -0.21882
7 6.88181 12.2907 -0.383962
8 6.94116 12.3315 -0.190463
9 7.00115 11.9701 -0.236163
10 6.73965 12.1107 -0.319352
11 6.84632 12.0045 -0.430345
12 6.65576 10.8364 -0.422003
13 6.57575 10.6679 -0.694524
14 6.92559 12.9366 -0.348258
15 6.87988 11.034 -0.679965
16 7.16996 13.23 -0.169456
17 6.92281 11.6012 -0.275361
18 6.50835 10.1445 -0.203857
19 6.89071 11.5402 -0.735637
20 7.08919 12.1252 -0.430208
21 6.92924 12.2345 -0.192284
22 6.92093 11.9677 -0.664502
23 6.74235 11.6118 -0.429074
24 7.07985 12.631 -0.570545
25 6.715 10.752 -0.361373
26 7.05064 12.1109 -0.413259
27 6.7318 11.0819 -0.615296
28 6.84596 11.8056 -0.146298
29 6.759 11.8272 -0.641745
30 6.7385 11.5542 -0.668796
31 6.85972 11.8734 -0.314895
32 6.89331 11.6891 -0.240639
33 6.74672 11.4915 -0.422562
34 6.96925 11.8828 -0.218931
35 6.72777 11.6306 -0.685013
36 6.71817 10.3441 -0.718679
37 6.92969 11.5301 -0.163637
38 6.91152 12.1235 -0.245157
39 6.80035 11.1858 -0.721215
40 6.71676 10.6353 -0.569279
41 6.76473 11.0535 -0.507362
42 6.92826 12.2774 -0.533897
43 6.84376 12.3267 -0.570342
44 6.98657 11.9211 -0.376159
45 6.91818 11.8178 -0.680702
46 6.89705 11.211 -0.446273
47 6.9446 12.8033 -0.183624
48 6.65009 10.3417 -0.525493
49 6.69148 11.2889 -0.18917
50 7.02916 11.4145 -0.415161
51 7.01522 11.724 -0.573911
52 6.90816 12.556 -0.378904
53 6.87003 11.2242 -0.304118
54 6.73159 10.3429 -0.430895
55 6.86009 11.3333 -0.208125
56 6.43301 9.41641 -0.358111
57 6.9185 12.2629 -0.591771
58 6.9959 11.5633 -0.720609
59 6.8547 10.7612 -0.347762
60 6.68282 10.8104 -0.148037
61 6.73582 11.0772 -0.369592
62 6.77558 12.6109 -0.585637
63 6.80513 11.7722 -0.642297
64 6.74795 12.5022 -0.113253
65 6.72654 11.6948 -0.532613
66 6.71827 11.0626 -0.484984
67 6.54304 11.3553 -0.377404
68 6.84136 11.1103 -0.317448
69 6.65611 10.7399 -0.524598
70 6.90034 12.3987 -0.148553
71 7.12231 12.3622 -0.690126
72 6.8361 11.1437 -0.539241
73 7.06917 12.3547 -0.134072
74 6.97831 12.7393 -0.67906
75 7.03401 11.8885 -0.531011
76 6.91301 11.8676 -0.360507
77 6.86589 11.2859 -0.660603
78 6.93163 11.6095 -0.562982
79 6.80182 10.9956 -0.650589
80 6.62928 10.9586 -0.368227
81 6.89639 11.2028 -0.354003
82 6.95758 11.7862 -0.354068
83 6.98413 12.182 -0.226057
84 6.72456 10.7763 -0.43309
85 6.89782 11.8512 -0.723656
86 6.79246 11.8189 -0.291978
87 6.74849 10.6593 -0.611957
88 6.62598 10.5823 -0.679871
89 6.24256 9.14496 -0.325218
90 6.43991 9.83138 -0.240668
91 6.86224 11.9021 -0.287456
92 7.04111 12.5215 -0.497894
93 6.9477 12.2581 -0.315506
94 6.67535 11.8552 -0.32294
95 6.71213 11.1621 -0.646174
96 6.24104 9.24098 -0.371083
97 6.83925 11.9027 -0.675102
98 6.78475 11.4733 -0.496499
99 6.75948 11.3676 -0.606404
