100
Particles
0 5.1415 19.8487 -0.331164
1 5.15945 19.6873 0.190159
2 5.18141 0.340888 -0.103362
3 5.15755 0.135659 0.246014
4 5.15974 19.8259 0.170803
5 5.14296 19.7902 0.0847369
6 5.14804 19.6425 -0.225864
7 5.185 19.9742 0.0900837
8 5.16866 19.5426 0.0332023
9 5.14484 19.9673 -0.351061
10 5.15469 19.9347 0.0974947
11 5.18221 0.280137 0.203585
12 5.15045 0.108037 -0.167962
13 5.15475 19.7959 -0.349968
14 5.16179 19.8885 -0.106817
15 5.13917 19.7908 -0.226909
16 5.17109 0.304733 0.0159679
17 5.15654 19.8025 -0.179087
18 5.14314 19.6778 0.230591
19 5.17342 0.0772653 -0.293633
20 5.16257 19.9093 -0.0533895
21 5.16572 19.5708 -0.0881301
22 5.1541 19.8536 0.0484148
23 5.1578 19.9417 0.192508
24 5.17271 0.0795864 0.0802143
25 5.14428 19.2887 -0.0607148
26 5.1515 19.5843 -0.338164
27 5.16127 0.0014656 0.122848
28 5.17955 0.108337 0.210049
29 5.17922 19.9573 -0.0562347
30 5.17681 19.953 0.134698
31 5.15508 19.6593 -0.235668
32 5.15257 19.9365 -0.252296
33 5.14899 19.7044 0.0454538
34 5.14758 0.0919952 0.241659
35 5.13684 19.9652 -0.00788515
36 5.15494 19.72 -0.00645486
37 5.13522 19.7358 -0.120609
38 5.15989 19.778 0.104937
39 5.13999 19.6276 -0.260368
40 5.14499 19.6867 0.000906918
41 5.16466 19.4718 0.0413377
42 5.18237 19.9468 -0.155834
43 5.16914 0.0716565 0.222981
44 5.14 19.777 -0.344975
45 5.19584 19.9122 0.0655128
46 5.16964 19.4931 -0.341081
47 5.20515 0.45906 -0.0621065
48 5.15354 19.9901 0.188038
49 5.16772 19.9806 -0.0976757
50 5.1659 19.7389 -0.264961
51 5.15511 19.8236 -0.285319
52 5.18636 0.354276 0.179837
53 5.16086 19.6694 -0.114483
54 5.16026 19.734 -0.0656198
55 5.18658 0.0938199 0.0119795
56 5.18261 19.721 0.021974
57 5.15852 19.875 -0.258593
58 5.16922 19.6129 0.237041
59 5.14725 19.5942 -0.12631
60 5.17315 19.8989 -0.00305906
61 5.17027 0.0458481 -0.176715
62 5.16775 0.133098 -0.207281
63 5.17503 19.6834 -0.332548
64 5.14474 0.0809476 -0.275286
65 5.12977 19.9369 -0.212336
66 5.19494 19.8653 -0.218431
67 5.15314 0.47488 0.177463
68 5.17966 19.7939 0.0920983
69 5.16055 19.7066 -0.165971
70 5.18237 0.0716686 0.11555
71 5.17324 0.0579904 -0.0323193
72 5.1779 19.9294 -0.159991
73 5.1685 0.175002 0.127909
74 5.15539 19.909 -0.189542
75 5.1581 19.9184 0.0924047
76 5.18977 19.9703 -0.0952614
77 5.12277 19.4689 0.124889
78 5.18313 0.335336 0.231147
79 5.17677 19.6201 0.022594
80 5.17519 19.8637 0.21841
81 5.16231 19.6949 0.117653
82 5.15466 19.7398 0.140513
83 5.17809 0.261087 0.0329881
84 5.18391 19.6012 -0.131937
85 5.16526 19.7744 0.209105
86 5.15658 0.0886808 -0.246089
87 5.13782 19.624 0.211503
88 5.14484 19.6034 0.0736464
89 5.15848 19.6465 0.0440576
90 5.16055 19.5572 -0.0831504
91 5.15322 19.8042 -0.164677
92 5.18827 19.8824 0.0220395
93 5.14897 19.9047 0.184243
94 5.15005 19.7369 -0.134408
95 5.14941 19.5452 0.11274
96 5.17877 19.8324 0.0141447
97 5.13531 19.8281 0.0119133
98 5.15126 19.9912 0.0102018
99 5.13956 19.8183 -0.288036
