100
Particles
0 7.82432 10.5529 -0.370199
1 7.93038 10.4747 -0.484076
2 7.79612 10.6764 -0.380251
3 7.70969 11.0819 -0.577283
4 7.73611 10.1039 -0.568242
5 7.80637 10.9005 -0.474133
6 7.91067 11.0974 -0.694004
7 7.97515 11.7149 -0.702958
8 8.11335 11.9466 -0.257949
9 8.05697 11.3414 -0.311139
10 7.90673 11.7067 -0.113923
11 7.94317 11.4378 -0.20733
12 7.8319 10.4336 -0.344394
13 7.67434 10.1163 -0.737793
14 8.0807 12.5036 -0.243256
15 7.97567 10.4839 -0.166141
16 8.33813 12.8597 -0.221828
17 7.98605 10.9637 -0.380187
18 7.68284 9.7373 -0.526201
19 7.94426 10.8855 -0.682362
20 8.21417 11.6072 -0.664348
21 8.0025 11.6235 -0.270784
22 8.0375 11.449 -0.272787
23 7.8042 10.992 -0.487382
24 8.28778 12.3159 -0.283174
25 7.89561 10.3768 -0.366973
26 8.1724 11.5802 -0.386381
27 7.78676 10.4525 -0.54636
28 7.96069 11.2684 -0.676605
29 7.88405 11.313 -0.324345
30 7.84397 11.0067 -0.52209
31 7.93055 11.3074 -0.715001
32 8.01926 11.1962 -0.447633
33 7.90614 11.0423 -0.331628
34 8.10109 11.3847 -0.434614
35 7.83921 11.1135 -0.539484
36 7.77424 9.74316 -0.59398
37 8.10897 11.143 -0.325716
38 8.06728 11.6882 -0.246474
39 7.98756 10.8058 -0.229136
40 7.78772 10.0384 -0.272009
41 7.88063 10.5374 -0.361816
42 8.05976 11.7675 -0.40268
43 8.03697 11.9956 -0.366903
44 8.11543 11.4268 -0.19876
45 7.94105 11.1052 -0.589847
46 8.01143 10.6932 -0.624196
47 8.14548 12.4943 -0.0720285
48 7.76081 9.7781 -0.567257
49 7.75896 10.6736 -0.693862
50 8.15213 10.893 -0.19759
51 8.14636 11.2642 -0.697539
52 8.04517 12.0541 -0.433516
53 7.95453 10.6649 -0.240332
54 7.80511 9.73211 -0.319454
55 7.99525 10.8323 -0.431226
56 7.53463 8.88274 -0.407777
57 8.0729 11.8376 -0.216958
58 8.05858 10.9354 -0.523018
59 7.94658 10.2045 -0.734268
60 7.76558 10.2322 -0.62614
61 7.86453 10.5906 -0.489728
62 7.99987 12.3636 -0.178206
63 7.89446 11.1973 -0.675307
64 7.90635 12.105 -0.147288
65 7.85853 11.2317 -0.674643
66 7.8419 10.5787 -0.370945
67 7.53444 10.6045 -0.564173
68 7.91961 10.5245 -0.287947
69 7.77419 10.2308 -0.260794
70 8.07921 12.0016 -0.253319
71 8.29252 11.9791 -0.131374
72 7.97004 10.6679 -0.248272
73 8.25114 12.0071 -0.154605
74 8.12114 12.2677 -0.558015
75 8.17041 11.3826 -0.471366
76 8.04708 11.375 -0.32763
77 8.00491 10.8 -0.463625
78 8.05654 11.1435 -0.174234
79 7.86607 10.3776 -0.659069
80 7.73762 10.4037 -0.449027
81 8.00413 10.676 -0.117385
82 8.10725 11.3065 -0.396546
83 8.12323 11.6996 -0.25416
84 7.81695 10.2101 -0.662682
85 8.00456 11.314 -0.624321
86 7.91415 11.325 -0.146968
87 7.87204 10.1615 -0.127026
88 7.7443 10.0653 -0.38128
89 7.39769 8.72519 -0.123755
90 7.46884 9.14883 -0.394385
91 7.98646 11.429 -0.58102
92 8.25229 12.2245 -0.284664
93 8.12374 11.8696 -0.104151
94 7.8433 11.432 -0.474911
95 7.81109 10.6301 -0.214192
96 7.38023 8.77457 -0.549177
97 7.94285 11.348 -0.543074
98 7.87315 10.9095 -0.652111
99 7.84786 10.8026 -0.352555
