100
Particles
0 8.99296 10.1327 -0.432334
1 9.11297 10.1109 -0.171196
2 8.95208 10.2248 -0.53492
3 8.86499 10.6733 -0.431776
4 8.87151 9.6223 -0.280571
5 8.96038 10.4455 -0.35481
6 8.98163 10.4713 -0.472983
7 9.07956 11.162 -0.193069
8 9.20298 11.3967 -0.236096
9 9.21472 10.9199 -0.377009
10 8.95596 11.0443 -0.719016
11 9.04749 10.9125 -0.691881
12 9.00342 10.0348 -0.191697
13 8.84677 9.72043 -0.471808
14 9.19882 11.9824 -0.498914
15 9.08577 9.93128 -0.381842
16 9.46474 12.3417 -0.2251
17 9.10211 10.414 -0.548607
18 8.85431 9.36325 -0.310569
19 9.09006 10.4335 -0.459457
20 9.32152 11.0437 -0.290747
21 9.15656 11.2026 -0.230287
22 9.14049 10.9454 -0.59132
23 8.96888 10.5644 -0.132282
24 9.44363 11.8636 -0.414906
25 8.99952 9.80813 -0.609142
26 9.36772 11.2201 -0.261028
27 8.91067 9.91269 -0.365014
28 9.09318 10.7734 -0.167206
29 8.99858 10.7991 -0.160576
30 8.9369 10.437 -0.18841
31 9.04815 10.8049 -0.529434
32 9.11058 10.6225 -0.682523
33 9.0018 10.4777 -0.702145
34 9.24331 10.9583 -0.743764
35 8.86142 10.4121 -0.719369
36 8.93493 9.32875 -0.503758
37 9.21263 10.5616 -0.453371
38 9.1989 11.1887 -0.454545
39 9.10367 10.3363 -0.209804
40 8.91236 9.54872 -0.655512
41 8.94303 9.89444 -0.458404
42 9.23678 11.3761 -0.290159
43 9.16153 11.4711 -0.461585
44 9.32528 11.1274 -0.189947
45 9.02263 10.5133 -0.643359
46 9.17052 10.2899 -0.237029
47 9.32379 12.171 -0.425689
48 8.87663 9.26047 -0.161856
49 8.8549 10.0929 -0.605334
50 9.25647 10.3597 -0.429192
51 9.3075 10.8664 -0.265071
52 9.21505 11.6922 -0.36341
53 9.12099 10.2685 -0.202355
54 8.91611 9.23725 -0.201895
55 9.15215 10.4195 -0.185156
56 8.63697 8.30018 -0.390144
57 9.17797 11.2731 -0.569156
58 9.18614 10.4263 -0.512784
59 9.1086 9.81571 -0.269649
60 8.92417 9.85039 -0.18669
61 8.9956 10.0892 -0.245917
62 9.14626 11.9007 -0.588668
63 8.94132 10.546 -0.701432
64 9.10725 11.793 -0.32534
65 9.03312 10.8662 -0.180666
66 8.9063 9.95555 -0.502254
67 8.69784 10.1703 -0.450278
68 9.06053 10.0363 -0.340199
69 8.94722 9.80759 -0.376041
70 9.23209 11.5762 -0.370382
71 9.41472 11.4707 -0.704094
72 9.11486 10.2114 -0.659599
73 9.42338 11.6091 -0.236861
74 9.24617 11.7659 -0.321956
75 9.27839 10.8696 -0.205499
76 9.18898 10.9256 -0.720731
77 9.14336 10.3117 -0.353764
78 9.15413 10.5895 -0.127869
79 8.96653 9.83551 -0.523328
80 8.78276 9.77248 -0.587124
81 9.1301 10.2108 -0.151637
82 9.20673 10.7568 -0.262803
83 9.29064 11.2905 -0.412624
84 8.85103 9.53082 -0.633864
85 9.11995 10.7824 -0.638761
86 9.02589 10.7787 -0.478506
87 8.9728 9.63327 -0.24694
88 8.90954 9.64919 -0.310466
89 8.4021 7.98604 -0.724844
90 8.54465 8.56354 -0.246468
91 9.09268 10.8667 -0.567986
92 9.38991 11.7424 -0.3149
93 9.29889 11.5013 -0.225105
94 8.96275 10.9243 -0.375379
95 8.95151 10.1389 -0.398938
96 8.2797 7.93103 -0.870227
97 9.08283 10.8492 -0.521661
98 8.99807 10.427 -0.193775
99 8.98959 10.3211 -0.476774
