100
Particles
0 10.1327 9.64444 -0.530257
1 10.2742 9.66573 -0.235287
2 10.0956 9.77346 -0.10082
3 10.041 10.2969 -0.137075
4 9.95902 9.04636 -0.656868
5 10.1031 10.0107 -0.626735
6 10.1448 10.0279 -0.432717
7 10.1745 10.5743 -0.570895
8 10.3231 10.9115 -0.682817
9 10.3029 10.3528 -0.470012
10 10.1295 10.6474 -0.101797
11 10.0639 10.1878 -0.591766
12 10.1903 9.6527 -0.264574
13 9.94968 9.19278 -0.61652
14 10.358 11.6027 -0.649888
15 10.1681 9.3592 -0.0958467
16 10.535 11.7126 -0.608876
17 10.2809 10.0191 -0.180645
18 9.98388 8.89178 -0.643713
19 10.2287 9.95377 -0.454325
20 10.4574 10.5358 -0.479007
21 10.2758 10.6562 -0.546391
22 10.2578 10.429 -0.519341
23 10.165 10.2187 -0.353694
24 10.5929 11.3976 -0.531004
25 10.1415 9.32692 -0.506513
26 10.5607 10.8817 -0.204971
27 10.0772 9.48907 -0.508007
28 10.2656 10.3884 -0.329123
29 10.1646 10.3843 -0.33775
30 10.0795 9.96822 -0.266692
31 10.1486 10.2539 -0.4234
32 10.1886 10.0215 -0.704028
33 10.151 10.0749 -0.237474
34 10.3576 10.4561 -0.42438
35 9.9739 9.88712 -0.34742
36 10.1645 9.1161 -0.101322
37 10.4186 10.2627 -0.225098
38 10.3237 10.7045 -0.226609
39 10.2332 9.85773 -0.222472
40 10.0138 9.01096 -0.474564
41 10.1069 9.49909 -0.100945
42 10.3776 10.9254 -0.591646
43 10.3194 11.0435 -0.583108
44 10.4871 10.7116 -0.588396
45 10.2396 10.2647 -0.131405
46 10.287 9.76679 -0.186465
47 10.4081 11.5712 -0.648453
48 9.99078 8.74659 -0.643524
49 10.0143 9.69725 -0.299526
50 10.4401 10.0445 -0.0930332
51 10.4905 10.4923 -0.499196
52 10.4037 11.3536 -0.307911
53 10.3063 9.91491 -0.490906
54 9.98655 8.61895 -0.701436
55 10.314 10.0052 -0.203704
56 9.74058 7.76881 -0.321617
57 10.3838 10.959 -0.309444
58 10.2984 9.90239 -0.119474
59 10.271 9.42305 -0.319891
60 10.0428 9.35055 -0.279756
61 10.1058 9.58611 -0.538579
62 10.2751 11.4148 -0.264436
63 10.0115 9.94337 -0.612935
64 10.3033 11.456 -0.268475
65 10.1415 10.3008 -0.489021
66 9.99616 9.41631 -0.666138
67 9.76813 9.54946 -0.537019
68 10.2531 9.69084 -0.145843
69 10.09 9.37722 -0.118481
70 10.266 10.8745 -0.568257
71 10.5253 10.9222 -0.246975
72 10.2531 9.71563 -0.356951
73 10.6433 11.3576 -0.148146
74 10.3692 11.2921 -0.456774
75 10.3125 10.1775 -0.616007
76 10.337 10.4481 -0.320279
77 10.2376 9.73324 -0.265082
78 10.3276 10.2224 -0.430484
79 10.116 9.39309 -0.291536
80 9.91865 9.29104 -0.521654
81 10.3037 9.81558 -0.191883
82 10.281 10.1305 -0.473265
83 10.4527 10.8693 -0.507018
84 10.0626 9.2509 -0.234025
85 10.2587 10.3073 -0.284483
86 10.1488 10.2626 -0.674062
87 10.159 9.26625 -0.332828
88 10.0141 9.12238 -0.718806
89 9.3315 7.18472 -0.367387
90 9.71664 8.15245 -0.535241
91 10.2002 10.3232 -0.245348
92 10.5648 11.3818 -0.443236
93 10.4515 11.0421 -0.384893
94 10.0341 10.2915 -0.578002
95 10.1183 9.76712 -0.401957
96 9.29502 7.22571 -0.44615
97 10.2131 10.3971 -0.206308
98 10.2065 10.1101 -0.205057
99 10.1843 9.99315 -0.117067
