100
Particles
0 11.2501 9.16259 -0.630756
1 11.4132 9.24821 -0.0880062
2 11.1948 9.20029 -0.47649
3 11.1192 9.67903 -0.584437
4 11.0491 8.45605 -0.575579
5 11.2176 9.51122 -0.687969
6 11.298 9.59245 -0.680538
7 11.2954 10.0917 -0.187874
8 11.507 10.5684 -0.301484
9 11.469 9.93845 -0.543747
10 11.2221 10.1132 -0.244144
11 11.2492 9.80263 -0.296551
12 11.2876 9.10754 -0.363695
13 11.045 8.62506 -0.479375
14 11.4407 11.0156 -0.469503
15 11.3434 8.97827 -0.22189
16 11.6047 11.1198 -0.481912
17 11.3894 9.5107 -0.184064
18 11.0532 8.28857 -0.580206
19 11.3122 9.3607 -0.418155
20 11.6505 10.2751 -0.172254
21 11.405 10.1748 -0.159727
22 11.445 10.0727 -0.367619
23 11.3348 9.8768 -0.0569906
24 11.7582 11.0104 -0.205962
25 11.164 8.61429 -0.696349
26 11.6935 10.3784 -0.384732
27 11.1056 8.84689 -0.610958
28 11.4712 10.1155 -0.0688089
29 11.3443 10.0345 -0.0962283
30 11.1872 9.46195 -0.674342
31 11.2574 9.71484 -0.556318
32 11.3581 9.61087 -0.395775
33 11.2699 9.53286 -0.465055
34 11.5669 10.147 -0.244827
35 11.1191 9.4539 -0.162692
36 11.1944 8.46322 -0.632895
37 11.5021 9.65423 -0.636826
38 11.4321 10.1551 -0.611796
39 11.4175 9.48752 -0.326366
40 11.1477 8.49696 -0.573373
41 11.2523 9.04233 -0.144501
42 11.5002 10.4537 -0.643804
43 11.4886 10.639 -0.204441
44 11.6871 10.391 -0.426898
45 11.3806 9.81155 -0.21946
46 11.4878 9.45156 -0.175449
47 11.5799 11.2055 -0.0601571
48 11.1296 8.25187 -0.342736
49 11.2208 9.38874 -0.385961
50 11.6194 9.7395 -0.0783879
51 11.6085 9.97687 -0.576528
52 11.482 10.7692 -0.107011
53 11.4229 9.4153 -0.110109
54 11.1366 8.20018 -0.152546
55 11.4891 9.58401 -0.259905
56 10.8595 7.24818 -0.152635
57 11.5143 10.4618 -0.175379
58 11.4078 9.35309 -0.490308
59 11.4193 8.96505 -0.344731
60 11.1772 8.91462 -0.12093
61 11.2572 9.15245 -0.395729
62 11.4164 10.9469 -0.648024
63 11.086 9.37081 -0.0818778
64 11.4037 10.9434 -0.663602
65 11.2658 9.80741 -0.507839
66 11.0941 8.84684 -0.245258
67 10.8822 9.05303 -0.638841
68 11.3872 9.19591 -0.450232
69 11.2879 9.0529 -0.133871
70 11.3616 10.2824 -0.520087
71 11.6904 10.5108 -0.352118
72 11.4359 9.32106 -0.305871
73 11.8138 10.9678 -0.191043
74 11.4854 10.7912 -0.393173
75 11.4701 9.73359 -0.251453
76 11.4434 9.91442 -0.628196
77 11.3726 9.24361 -0.295481
78 11.4222 9.65815 -0.285014
79 11.2653 8.95843 -0.623227
80 11.0537 8.86077 -0.129996
81 11.4822 9.42593 -0.367712
82 11.4214 9.69565 -0.601907
83 11.6532 10.5528 -0.130904
84 11.2293 8.8452 -0.349058
85 11.3597 9.75384 -0.378714
86 11.3017 9.8353 -0.262471
87 11.2579 8.7017 -0.329745
88 11.1594 8.66888 -0.243548
89 10.4093 6.58907 -0.312674
90 10.9083 7.79145 -0.385026
91 11.3805 9.94267 -0.490281
92 11.7251 10.9449 -0.519958
93 11.5684 10.5389 -0.55214
94 11.1399 9.7648 -0.0943903
95 11.2587 9.28036 -0.515465
96 10.4232 6.71241 -0.582298
97 11.3506 9.94199 -0.400421
98 11.4022 9.77087 -0.467136
99 11.3037 9.50999 -0.543297
