100
Particles
0 12.4117 8.72446 -0.390683
1 12.5932 8.90842 -0.286568
2 12.2977 8.6707 -0.711004
3 12.2608 9.21615 -0.150769
4 12.1668 7.9561 -0.669468
5 12.4087 9.14428 -0.153685
6 12.5008 9.26006 -0.240071
7 12.4991 9.7985 -0.255923
8 12.6213 10.0688 -0.250777
9 12.6263 9.54842 -0.31966
10 12.4048 9.76216 -0.357024
11 12.4506 9.50442 -0.420571
12 12.4404 8.65819 -0.256808
13 12.2304 8.27213 -0.264745
14 12.5067 10.3987 -0.200521
15 12.4561 8.51164 -0.643542
16 12.7204 10.62 -0.367119
17 12.5136 8.99395 -0.552404
18 12.1808 7.76523 -0.485855
19 12.4494 8.93354 -0.479229
20 12.8164 9.90497 -0.523323
21 12.5704 9.74556 -0.231945
22 12.617 9.66841 -0.468111
23 12.4547 9.34093 -0.462647
24 12.8753 10.4921 -0.541803
25 12.2453 8.01961 -0.543261
26 12.9152 10.1336 -0.113669
27 12.2424 8.35741 -0.564534
28 12.621 9.65737 -0.441839
29 12.4957 9.61974 -0.0999465
30 12.3399 9.06355 -0.412011
31 12.4062 9.25613 -0.404556
32 12.5727 9.35441 -0.193888
33 12.4184 9.12341 -0.47972
34 12.7293 9.73836 -0.168741
35 12.2957 9.05321 -0.390281
36 12.356 8.09497 -0.363191
37 12.6912 9.28855 -0.179559
38 12.5202 9.55427 -0.524543
39 12.6528 9.30689 -0.195312
40 12.2777 7.98653 -0.347631
41 12.4066 8.58257 -0.237315
42 12.5575 9.8047 -0.688583
43 12.5972 10.1203 -0.63105
44 12.8579 9.96059 -0.403571
45 12.5306 9.35017 -0.225744
46 12.6175 8.93915 -0.281799
47 12.7044 10.6916 -0.335209
48 12.2202 7.69044 -0.163137
49 12.3944 8.98914 -0.210745
50 12.7682 9.27354 -0.335007
51 12.8033 9.62847 -0.184766
52 12.6833 10.4688 -0.130788
53 12.5855 9.0088 -0.1141
54 12.2632 7.70162 -0.610149
55 12.6058 9.07464 -0.641243
56 11.9498 6.66476 -0.404286
57 12.6011 9.87191 -0.631782
58 12.5104 8.8201 -0.520644
59 12.5667 8.50075 -0.227504
60 12.2539 8.31997 -0.196686
61 12.345 8.56264 -0.568272
62 12.5263 10.4132 -0.669702
63 12.1584 8.7758 -0.129192
64 12.4959 10.3823 -0.6016
65 12.4161 9.38662 -0.593646
66 12.2619 8.49261 -0.128307
67 12.1027 8.83043 -0.111869
68 12.5412 8.76624 -0.533602
69 12.4367 8.62219 -0.606026
70 12.5143 9.80423 -0.366136
71 12.8593 10.1486 -0.155536
72 12.5913 8.88191 -0.336468
73 12.9321 10.4552 -0.667761
74 12.6441 10.335 -0.398779
75 12.6136 9.27604 -0.200202
76 12.5938 9.4702 -0.623672
77 12.4928 8.71288 -0.478432
78 12.5773 9.25472 -0.118319
79 12.3966 8.45381 -0.614784
80 12.1751 8.33329 -0.525474
81 12.5774 8.8981 -0.691001
82 12.5704 9.21608 -0.363308
83 12.8124 10.1211 -0.330918
84 12.4055 8.45321 -0.376693
85 12.5076 9.32769 -0.564766
86 12.4437 9.39572 -0.429915
87 12.3817 8.17225 -0.375483
88 12.2562 8.09178 -0.51291
89 11.4213 5.88283 -0.800447
90 12.0121 7.23358 -0.563114
91 12.4832 9.42008 -0.117219
92 12.8567 10.463 -0.159757
93 12.6864 10.0222 -0.692873
94 12.3015 9.3442 -0.50805
95 12.4002 8.82222 -0.409534
96 11.3853 5.936 -0.690194
97 12.5097 9.57226 -0.637436
98 12.5531 9.33518 -0.17294
99 12.44 9.04804 -0.235266
