100
Particles
0 13.5641 8.29631 -0.185748
1 13.6921 8.38331 -0.628614
2 13.3844 8.0614 -0.588859
3 13.3938 8.70898 -0.329699
4 13.3294 7.55439 -0.222098
5 13.6138 8.83344 -0.146148
6 13.5645 8.61942 -0.511857
7 13.671 9.39051 -0.359377
8 13.8215 9.74917 -0.0706696
9 13.7892 9.16733 -0.223696
10 13.5105 9.22117 -0.489312
11 13.52 8.87798 -0.454552
12 13.5197 8.06991 -0.446852
13 13.3666 7.78401 -0.366489
14 13.6485 9.90612 -0.377136
15 13.5458 7.96698 -0.320119
16 13.9304 10.3794 -0.33617
17 13.616 8.4483 -0.379684
18 13.268 7.18272 -0.288123
19 13.5324 8.3328 -0.320373
20 13.9512 9.42015 -0.159914
21 13.7577 9.39549 -0.100689
22 13.7714 9.21338 -0.268295
23 13.5628 8.7706 -0.348723
24 14.0475 10.0837 -0.431193
25 13.404 7.61011 -0.498563
26 14.101 9.7864 -0.240837
27 13.2794 7.6944 -0.721375
28 13.7254 9.11493 -0.562562
29 13.578 9.03886 -0.264561
30 13.4939 8.59904 -0.535003
31 13.5266 8.74611 -0.141083
32 13.645 8.7334 -0.654184
33 13.5812 8.72045 -0.355803
34 13.9115 9.35457 -0.317997
35 13.4383 8.59197 -0.317154
36 13.5168 7.65603 -0.526994
37 13.8165 8.77032 -0.325313
38 13.6515 9.08292 -0.51126
39 13.7142 8.68851 -0.610489
40 13.3577 7.37264 -0.684841
41 13.5466 8.11377 -0.40158
42 13.684 9.30361 -0.60028
43 13.7584 9.69279 -0.561527
44 14.0371 9.55414 -0.24959
45 13.7342 9.04823 -0.148241
46 13.7854 8.53348 -0.247181
47 13.8749 10.2885 -0.276345
48 13.3689 7.22246 -0.225092
49 13.5144 8.48668 -0.709584
50 13.9117 8.80615 -0.218829
51 13.9368 9.13914 -0.33081
52 13.8829 10.1767 -0.042719
53 13.7186 8.53069 -0.165817
54 13.4319 7.28225 -0.329864
55 13.6861 8.49194 -0.673638
56 13.0185 6.05981 -0.331971
57 13.7374 9.37989 -0.54415
58 13.6641 8.35736 -0.282241
59 13.5486 7.72768 -0.684649
60 13.339 7.73545 -0.3139
61 13.4162 7.95386 -0.769516
62 13.6502 9.92504 -0.663245
63 13.2941 8.30832 -0.33802
64 13.7039 10.1154 -0.03345
65 13.5255 8.86312 -0.409548
66 13.4098 8.04414 -0.39898
67 13.2076 8.27951 -0.309774
68 13.7154 8.38217 -0.309905
69 13.5871 8.14685 -0.34504
70 13.6692 9.37577 -0.434604
71 14.0073 9.67774 -0.573726
72 13.7055 8.35436 -0.405092
73 14.0822 10.0461 -0.441017
74 13.827 9.95273 -0.470277
75 13.706 8.69242 -0.265959
76 13.767 9.08015 -0.524053
77 13.5835 8.13643 -0.361532
78 13.6477 8.6464 -0.650142
79 13.5145 7.97427 -0.621803
80 13.2886 7.81763 -0.437057
81 13.5992 8.19046 -0.397636
82 13.6958 8.73137 -0.239198
83 13.9709 9.69339 -0.0918556
84 13.5757 8.0727 -0.509064
85 13.6406 8.8236 -0.400345
86 13.6163 8.97944 -0.440498
87 13.4803 7.61142 -0.489772
88 13.3618 7.5399 -0.25346
89 12.533 5.35821 -0.763392
90 13.1533 6.79099 -0.61059
91 13.6376 8.98444 -0.379006
92 14.0334 10.0802 -0.26509
93 13.8605 9.67602 -0.0888572
94 13.4196 8.82238 -0.384665
95 13.5053 8.29105 -0.685496
96 12.4049 5.2417 -0.715949
97 13.6407 9.07621 -0.325435
98 13.6855 8.89068 -0.686369
99 13.5508 8.55244 -0.440548
