100
Particles
0 14.6037 7.62788 -0.445301
1 14.8165 7.89943 -0.188713
2 14.5361 7.60491 -0.479489
3 14.5519 8.31177 -0.373409
4 14.4568 7.04706 -0.213331
5 14.7902 8.4609 -0.599697
6 14.7346 8.20209 -0.341525
7 14.8201 8.94165 -0.564394
8 15.0476 9.57957 -0.0436944
9 14.9906 8.85413 -0.223501
10 14.6941 8.83893 -0.327947
11 14.6017 8.29726 -0.597397
12 14.6342 7.52187 -0.636232
13 14.4792 7.26461 -0.187362
14 14.8351 9.58782 -0.391023
15 14.5864 7.28097 -0.511131
16 15.1415 10.1296 -0.0639935
17 14.7451 7.98041 -0.351909
18 14.326 6.5353 -0.494189
19 14.6882 7.92659 -0.147361
20 15.1401 9.06442 -0.361244
21 14.8971 8.94413 -0.443069
22 14.9639 8.89171 -0.218455
23 14.7467 8.3862 -0.436898
24 15.2412 9.74479 -0.43341
25 14.5202 7.06394 -0.32538
26 15.2281 9.29218 -0.321315
27 14.3419 7.06634 -0.49962
28 14.8442 8.59294 -0.254907
29 14.7577 8.66739 -0.33422
30 14.6008 8.05667 -0.532124
31 14.707 8.37005 -0.257113
32 14.8134 8.33338 -0.392388
33 14.7793 8.37465 -0.195364
34 14.9594 8.68294 -0.680203
35 14.5761 8.11229 -0.553039
36 14.5438 6.96588 -0.616364
37 14.9227 8.20986 -0.360082
38 14.7331 8.46669 -0.510578
39 14.8453 8.21094 -0.652505
40 14.3819 6.67746 -0.434827
41 14.6729 7.61034 -0.406442
42 14.8279 8.81452 -0.542311
43 14.8626 9.12034 -0.407822
44 15.2014 9.11974 -0.209066
45 14.9253 8.68806 -0.335134
46 14.9044 8.05457 -0.265779
47 15.1095 10.1083 -0.0690889
48 14.379 6.53701 -0.753852
49 14.7086 8.15092 -0.110426
50 15.0467 8.32335 -0.300408
51 15.0002 8.49214 -0.679298
52 15.0584 9.80935 -0.475015
53 14.8912 8.10097 -0.310267
54 14.4776 6.61588 -0.536943
55 14.8117 7.98293 -0.459665
56 14.0132 5.3951 -1.09782
57 14.8678 8.8973 -0.529652
58 14.7491 7.76034 -0.560587
59 14.6553 7.22017 -0.456507
60 14.439 7.18523 -0.401646
61 14.439 7.24597 -0.696906
62 14.8063 9.49625 -0.544545
63 14.3652 7.68868 -0.618988
64 14.9264 9.91601 -0.094369
65 14.5652 8.17221 -0.57313
66 14.4712 7.40315 -0.625248
67 14.31 7.72258 -0.454254
68 14.8891 8.01357 -0.353289
69 14.7158 7.66442 -0.363531
70 14.852 8.99723 -0.262799
71 15.1349 9.15697 -0.443563
72 14.7829 7.76761 -0.210005
73 15.3228 9.91439 -0.0227579
74 15.0211 9.69962 -0.0054274
75 14.8448 8.21366 -0.449673
76 14.9782 8.78143 -0.233512
77 14.6742 7.56791 -0.400953
78 14.8172 8.30366 -0.100467
79 14.5633 7.33181 -0.193926
80 14.398 7.25229 -0.510735
81 14.6795 7.57545 -0.673716
82 14.8803 8.35139 -0.25262
83 15.0918 9.1782 -0.167114
84 14.6632 7.48066 -0.287467
85 14.7707 8.37355 -0.645386
86 14.7327 8.47775 -0.336177
87 14.6224 7.11905 -0.411646
88 14.5266 7.10977 -0.379337
89 13.2893 4.36595 -1.03158
90 14.1916 6.1741 -0.610055
91 14.8104 8.64499 -0.0857797
92 15.1623 9.56591 -0.361645
93 15.0453 9.33922 -0.332374
94 14.4844 8.18387 -0.492876
95 14.63 7.80172 -0.143491
96 13.334 4.42701 -0.639759
97 14.8059 8.69434 -0.110682
98 14.8503 8.50555 -0.237861
99 14.667 8.04665 -0.135489
