100
Particles
0 15.6873 7.03026 -0.609519
1 15.9028 7.31327 -0.597398
2 15.6739 7.15975 -0.103551
3 15.6469 7.7522 -0.638416
4 15.6338 6.65881 -0.518203
5 15.9491 8.01331 -0.405127
6 15.8488 7.65923 -0.499964
7 15.9622 8.45001 -0.423251
8 16.2298 9.2866 -0.0800754
9 16.1788 8.49479 -0.0874818
10 15.8264 8.41182 -0.0566557
11 15.7548 7.85607 -0.307017
12 15.6724 6.84043 -0.608585
13 15.5667 6.68382 -0.409756
14 15.9885 9.12016 -0.454103
15 15.6927 6.72389 -0.506259
16 16.2695 9.60661 -0.448788
17 15.9435 7.63989 -0.349138
18 15.5232 6.19727 -0.359828
19 15.8515 7.51295 -0.164958
20 16.2795 8.56027 -0.466003
21 16.0465 8.46779 -0.334673
22 16.1243 8.48056 -0.246278
23 15.8736 7.86809 -0.454241
24 16.4515 9.49727 -0.330909
25 15.6361 6.53372 -0.219247
26 16.3935 8.90755 -0.512395
27 15.4983 6.61626 -0.443786
28 15.9593 8.04266 -0.38978
29 15.9182 8.24123 -0.233514
30 15.6864 7.46798 -0.259427
31 15.8879 8.03265 -0.643608
32 15.9859 7.91069 -0.27861
33 15.9243 7.91885 -0.18878
34 16.1457 8.35752 -0.462341
35 15.7166 7.66368 -0.0898241
36 15.6713 6.46839 -0.134216
37 16.0889 7.81717 -0.188946
38 15.899 8.08434 -0.13099
39 15.8781 7.52698 -0.69738
40 15.5345 6.23168 -0.18874
41 15.7993 7.10139 -0.392323
42 15.9732 8.37505 -0.0514165
43 16.0069 8.71502 -0.030364
44 16.4036 8.81105 -0.368613
45 16.1097 8.32567 -0.386036
46 16.0276 7.55714 -0.510442
47 16.2561 9.65911 -0.293877
48 15.553 6.1772 -0.13817
49 15.8773 7.75862 -0.281585
50 16.1854 7.83877 -0.355757
51 16.1499 8.07264 -0.654348
52 16.2564 9.51294 -0.273121
53 16.0449 7.64971 -0.252546
54 15.5653 6.0441 -0.544331
55 15.9634 7.5495 -0.335077
56 15.1387 4.92794 -0.241286
57 16.034 8.49442 -0.612122
58 15.7828 7.08109 -0.624085
59 15.7983 6.76098 -0.139822
60 15.5101 6.5466 -0.534154
61 15.6086 6.83457 -0.392419
62 16.0038 9.24501 -0.0587036
63 15.5052 7.22379 -0.160563
64 16.1046 9.50921 -0.223121
65 15.7072 7.70598 -0.431736
66 15.6357 7.00539 -0.640946
67 15.4996 7.35667 -0.171684
68 15.9359 7.34694 -0.386294
69 15.8404 7.14047 -0.43805
70 15.9832 8.51398 -0.461281
71 16.2896 8.70603 -0.167596
72 15.9216 7.30702 -0.27029
73 16.5516 9.71603 -0.264904
74 16.1776 9.26996 -0.474278
75 16.0293 7.85731 -0.516851
76 16.08 8.22768 -0.640844
77 15.7983 7.08001 -0.677756
78 15.8949 7.69355 -0.597375
79 15.7458 6.96335 -0.306622
80 15.5023 6.68807 -0.47255
81 15.7775 7.01069 -0.265605
82 16.0312 7.87903 -0.48368
83 16.2332 8.74488 -0.565643
84 15.7859 6.99584 -0.615035
85 15.9075 7.93691 -0.337089
86 15.8428 7.93272 -0.376956
87 15.7112 6.56866 -0.480534
88 15.6385 6.57348 -0.729065
89 14.1813 3.4979 -0.769282
90 15.3925 5.86656 -0.0829395
91 16.0033 8.29436 -0.108595
92 16.3375 9.18666 -0.314505
93 16.2436 9.03776 -0.22091
94 15.5852 7.5974 -0.501492
95 15.7564 7.29507 -0.249981
96 14.0762 3.46005 -0.894911
97 15.9412 8.23836 -0.641189
98 15.9629 7.96521 -0.629581
99 15.816 7.61137 -0.213583
