100
Particles
0 16.8098 6.52278 -0.475417
1 17.0479 6.8613 -0.701648
2 16.7731 6.60453 -0.134414
3 16.7245 7.1252 -0.478134
4 16.7684 6.172 -0.483195
5 17.0691 7.49336 -0.435839
6 16.993 7.20797 -0.55844
7 17.1449 8.1145 -0.610336
8 17.4043 8.91249 -0.318922
9 17.2885 7.93836 -0.671202
10 16.9656 7.93293 -0.503559
11 16.8121 7.24435 -0.639429
12 16.8622 6.53836 -0.327092
13 16.713 6.22974 -0.352561
14 17.1377 8.68684 -0.634684
15 16.7554 6.08236 -0.652748
16 17.4641 9.31708 -0.270875
17 17.1137 7.25026 -0.181489
18 16.6336 5.65126 -0.647663
19 16.9645 6.98306 -0.608716
20 17.3985 8.07033 -0.733195
21 17.177 7.96302 -0.506857
22 17.2991 8.10169 -0.230491
23 17.0428 7.42936 -0.30929
24 17.656 9.24499 -0.154027
25 16.7538 6.01693 -0.670775
26 17.5952 8.6122 -0.0446092
27 16.7032 6.30685 -0.144901
28 17.0187 7.42387 -0.30751
29 17.0327 7.75313 -0.689974
30 16.7489 6.8244 -0.675406
31 17.0888 7.69373 -0.250159
32 17.1817 7.58645 -0.46477
33 16.9852 7.27823 -0.595609
34 17.2891 7.86826 -0.239224
35 16.8147 7.09892 -0.186092
36 16.8557 6.13162 -0.182355
37 17.2275 7.35169 -0.576101
38 16.9852 7.47703 -0.570959
39 16.9747 6.98312 -0.702331
40 16.6989 5.81142 -0.229333
41 16.9774 6.73246 -0.386797
42 17.088 7.83512 -0.406277
43 17.1523 8.26956 -0.367987
44 17.6074 8.52362 -0.0880345
45 17.2426 7.85195 -0.425998
46 17.166 7.08768 -0.5238
47 17.4136 9.23918 -0.369811
48 16.7633 5.92893 -0.201159
49 17.007 7.26724 -0.43909
50 17.2996 7.33081 -0.367968
51 17.2386 7.47642 -0.275661
52 17.4908 9.35472 -0.200492
53 17.1728 7.14416 -0.25157
54 16.7221 5.59812 -0.387905
55 17.0858 7.0195 -0.6636
56 16.368 4.75582 -0.0654026
57 17.1237 7.93316 -0.300004
58 16.9724 6.72888 -0.406708
59 16.9427 6.31282 -0.130196
60 16.6255 6.04448 -0.651203
61 16.7586 6.43021 -0.521123
62 17.1952 8.88171 -0.323851
63 16.6823 6.83751 -0.503626
64 17.3209 9.2691 -0.160564
65 16.8477 7.23815 -0.514555
66 16.7614 6.47705 -0.413342
67 16.5926 6.77903 -0.724843
68 17.0918 6.88417 -0.509164
69 16.9036 6.4973 -0.618869
70 17.1589 8.13532 -0.546755
71 17.403 8.16022 -0.592499
72 17.1592 7.13208 -0.158677
73 17.7339 9.33395 -0.120196
74 17.3689 8.9126 -0.422273
75 17.1889 7.44923 -0.28356
76 17.2516 7.84441 -0.169737
77 16.955 6.63145 -0.494961
78 16.9716 7.0794 -0.55007
79 16.9313 6.60101 -0.177441
80 16.5818 6.11161 -0.450248
81 16.9632 6.67736 -0.449622
82 17.1042 7.30142 -0.565441
83 17.355 8.20489 -0.496653
84 16.9337 6.52784 -0.246436
85 17.0877 7.55946 -0.235458
86 16.8872 7.26049 -0.605054
87 16.8457 6.11151 -0.452702
88 16.8181 6.19424 -0.552353
89 15.0535 2.63749 -0.991667
90 16.5926 5.54677 -0.104766
91 17.0432 7.60809 -0.536737
92 17.4876 8.73233 -0.449955
93 17.4752 8.87783 -0.0796063
94 16.7509 7.16307 -0.486066
95 16.8971 6.83272 -0.657199
96 14.7816 2.4366 -1.01521
97 17.1198 7.8319 -0.196791
98 17.076 7.41553 -0.453858
99 16.9306 7.09097 -0.226011
