100
Particles
0 17.9209 5.9893 -0.235852
1 18.2121 6.46302 -0.157873
2 17.9682 6.26483 -0.388674
3 17.9174 6.79075 -0.235123
4 17.8368 5.5937 -0.728631
5 18.1917 6.97253 -0.365309
6 18.0278 6.52798 -0.675854
7 18.3142 7.70244 -0.587829
8 18.5465 8.47967 -0.611377
9 18.4082 7.41998 -0.447564
10 18.1116 7.47651 -0.577179
11 17.9312 6.71368 -0.626658
12 18.0162 6.1179 -0.26227
13 17.806 5.66262 -0.213919
14 18.2644 8.19112 -0.460883
15 17.8623 5.53531 -0.342267
16 18.5358 8.68315 -0.593828
17 18.2108 6.68688 -0.681659
18 17.6682 4.95872 -0.542892
19 18.0858 6.47915 -0.734474
20 18.5342 7.59099 -0.672835
21 18.3022 7.44122 -0.329393
22 18.377 7.50506 -0.383662
23 18.1514 6.90112 -0.630094
24 18.8446 8.88065 -0.245899
25 17.9421 5.65187 -0.186735
26 18.7327 8.12826 -0.323994
27 17.8221 5.77496 -0.377909
28 18.1003 6.85629 -0.726632
29 18.1939 7.3135 -0.402453
30 17.8204 6.2088 -0.711334
31 18.1271 7.04256 -0.699037
32 18.3021 7.118 -0.711736
33 18.117 6.77623 -0.284415
34 18.4268 7.37003 -0.232604
35 17.864 6.46844 -0.227789
36 17.9801 5.61069 -0.272212
37 18.3699 6.88992 -0.147216
38 18.1019 6.95212 -0.159285
39 18.0761 6.44193 -0.560616
40 17.7574 5.16961 -0.383984
41 18.0583 6.13675 -0.727807
42 18.1953 7.27131 -0.598639
43 18.2115 7.64484 -0.642963
44 18.7844 8.19256 -0.657797
45 18.3276 7.28662 -0.743848
46 18.3021 6.6343 -0.655825
47 18.6037 8.92811 -0.595202
48 17.8506 5.3433 -0.608676
49 18.1723 6.84462 -0.178366
50 18.3213 6.61966 -0.711361
51 18.392 7.00855 -0.394567
52 18.6974 9.09148 -0.0693057
53 18.2481 6.52587 -0.436177
54 17.8825 5.14476 -0.452597
55 18.2253 6.54672 -0.584663
56 17.4582 4.2513 -0.460253
57 18.2048 7.35543 -0.669605
58 18.0444 6.11031 -0.302279
59 17.9846 5.66327 -0.75392
60 17.7231 5.49954 -0.645696
61 17.8092 5.78499 -0.528447
62 18.2684 8.27292 -0.611516
63 17.7936 6.28384 -0.377399
64 18.4799 8.88497 -0.541999
65 17.9027 6.59866 -0.747329
66 17.9109 6.00684 -0.464164
67 17.6742 6.21589 -0.69522
68 18.1885 6.31348 -0.494384
69 17.9887 5.89508 -0.645593
70 18.2995 7.67462 -0.123317
71 18.504 7.57001 -0.484067
72 18.2229 6.51433 -0.712481
73 18.8381 8.79302 -0.157908
74 18.4735 8.339 -0.471484
75 18.323 6.95331 -0.424627
76 18.3615 7.27601 -0.562028
77 18.0647 6.10153 -0.174062
78 18.1896 6.82997 -0.144681
79 18.005 5.98633 -0.745388
80 17.7052 5.59549 -0.242818
81 18.025 6.04098 -0.32787
82 18.1982 6.71444 -0.530314
83 18.5712 7.92996 -0.107663
84 18.0532 6.02889 -0.483612
85 18.2418 7.08789 -0.443255
86 17.9741 6.66338 -0.653764
87 17.9278 5.53648 -0.785182
88 17.9159 5.61946 -0.590095
89 15.4381 1.46428 -1.33724
90 17.7092 5.01467 -0.33429
91 18.0927 6.94599 -0.549856
92 18.6059 8.21569 -0.449809
93 18.6223 8.41567 -0.139019
94 17.8558 6.59188 -0.316792
95 18.0324 6.3586 -0.334473
96 15.1588 1.26586 -1.45785
97 18.1855 7.21449 -0.710717
98 18.2482 7.03383 -0.625768
99 18.0129 6.49954 -0.655783
