100
Particles
0 6.35676 19.8043 0.237328
1 6.39762 19.7523 0.024684
2 6.41344 0.3131 -0.307853
3 6.3862 19.9224 -0.0997721
4 6.38725 19.6803 -0.305848
5 6.36158 19.8 0.260173
6 6.38759 19.6819 -0.00778211
7 6.42136 0.0474749 -0.128337
8 6.39185 19.5321 0.297575
9 6.37215 19.9198 0.16478
10 6.38682 0.0982747 0.287544
11 6.4134 0.357515 0.180916
12 6.3799 0.0674526 0.041835
13 6.394 19.7693 0.158631
14 6.37524 19.8151 -0.217934
15 6.36376 19.9619 0.308346
16 6.40389 0.26609 0.210573
17 6.38625 19.823 0.0830613
18 6.37611 19.5858 0.00563449
19 6.40172 0.10655 0.11379
20 6.4038 19.8993 -0.0131138
21 6.38236 19.4265 -0.148553
22 6.38191 19.8822 0.11813
23 6.38769 0.117761 0.277044
24 6.40702 0.0456843 0.193616
25 6.37517 19.2241 0.0699486
26 6.39167 19.6075 0.212645
27 6.38532 19.8047 0.0195247
28 6.42244 0.111337 -0.0474489
29 6.42086 19.8434 -0.22008
30 6.393 0.0730883 -0.303287
31 6.39295 19.6796 -0.157156
32 6.38416 19.9337 -0.173042
33 6.38331 19.7566 0.053235
34 6.37543 0.093256 -0.245399
35 6.36276 19.9363 0.209496
36 6.38126 19.772 -0.204706
37 6.37196 19.6877 -0.111665
38 6.38272 19.9338 0.279176
39 6.36488 19.5432 -0.0481008
40 6.36523 19.4544 -0.297212
41 6.40159 19.583 0.0903975
42 6.4153 0.0255363 0.237835
43 6.40231 0.214719 0.0714885
44 6.3714 19.9091 -0.146599
45 6.42935 19.8518 0.077615
46 6.3918 19.2649 -0.157463
47 6.43029 0.294549 0.0366093
48 6.38808 0.0997631 -0.058747
49 6.38838 19.8782 0.302391
50 6.39789 19.6957 -0.28492
51 6.38657 19.767 -0.249598
52 6.41124 0.38096 0.246877
53 6.37878 19.7647 0.298205
54 6.39871 19.7801 0.0900936
55 6.42344 0.18558 0.152274
56 6.4238 19.7676 0.156512
57 6.38481 19.8566 -0.0715155
58 6.40198 19.606 0.202273
59 6.37686 19.533 0.128322
60 6.39808 19.9542 0.0589976
61 6.38675 19.9712 -0.301601
62 6.40098 0.212109 0.254169
63 6.39742 19.6942 0.0894181
64 6.3899 0.0575532 -0.15944
65 6.34371 19.6785 -0.305826
66 6.40297 19.7842 0.251137
67 6.3764 0.45773 0.0309542
68 6.39664 19.7628 0.20282
69 6.37977 19.4858 -0.115626
70 6.42185 0.0336306 -0.182915
71 6.40056 0.0673046 -0.0149375
72 6.40323 19.9501 0.29511
73 6.39868 0.0958376 -0.290459
74 6.38722 19.9409 0.0496691
75 6.38353 19.934 0.157252
76 6.42945 19.9224 -0.0296508
77 6.34684 19.2867 -0.278108
78 6.41335 0.201334 -0.118472
79 6.40952 19.5774 0.0426903
80 6.40307 19.8869 0.0346437
81 6.40237 19.6156 -0.110546
82 6.39114 19.8155 0.300765
83 6.4152 0.352302 0.0192527
84 6.4013 19.3941 0.131881
85 6.38799 19.6635 -0.297407
86 6.38698 0.182464 0.238592
87 6.35722 19.5456 0.10651
88 6.38118 19.5023 -0.0994217
89 6.38893 19.5349 0.0753239
90 6.38712 19.5607 0.30316
91 6.39418 19.94 0.085711
92 6.424 19.7893 -0.116713
93 6.37665 0.0487282 0.290019
94 6.39043 19.7084 0.089254
95 6.38639 19.5438 0.0566049
96 6.41781 19.7875 -0.259422
97 6.36339 19.9133 0.11599
98 6.36553 19.9837 0.29621
99 6.37327 19.7788 -0.195196
