100
Particles
0 18.9447 5.31401 -0.744268
1 19.3931 6.08835 -0.229959
2 19.1536 5.91537 -0.1694
3 19.0584 6.30865 -0.395513
4 18.9331 5.04441 -0.173794
5 19.3139 6.43976 -0.352441
6 19.079 5.85974 -0.53471
7 19.4908 7.29831 -0.321868
8 19.5884 7.80764 -0.476422
9 19.4867 6.82338 -0.283972
10 19.1996 6.89871 -0.609956
11 19.0631 6.2561 -0.20357
12 19.0596 5.45524 -0.74845
13 18.9697 5.22677 -0.509651
14 19.2556 7.48049 -0.645548
15 18.9442 4.93631 -0.664328
16 19.5865 8.03044 -0.479114
17 19.3176 6.15446 -0.362819
18 18.8064 4.49151 -0.158197
19 19.1566 5.87503 -0.19698
20 19.5318 6.85063 -0.550087
21 19.3821 6.84534 -0.524415
22 19.452 6.90998 -0.589835
23 19.2895 6.41856 -0.65383
24 19.9459 8.30826 -0.30265
25 19.1204 5.24163 -0.354578
26 19.8194 7.55943 -0.251441
27 18.9132 5.19259 -0.670236
28 19.2403 6.39495 -0.557838
29 19.3673 6.89644 -0.505575
30 18.8396 5.49839 -0.614509
31 19.198 6.45539 -0.278556
32 19.3272 6.4491 -0.787236
33 19.1127 6.02433 -0.554216
34 19.4572 6.69937 -0.487293
35 18.8873 5.79098 -0.660903
36 19.1613 5.21322 -0.223638
37 19.43 6.25113 -0.722287
38 19.1932 6.41299 -0.629673
39 19.2017 5.9338 -0.214345
40 18.8177 4.56119 -0.579266
41 19.0094 5.33087 -0.595285
42 19.3147 6.77471 -0.670806
43 19.2835 7.04808 -0.698302
44 19.8281 7.52044 -0.560897
45 19.5083 6.89601 -0.302251
46 19.4168 6.08863 -0.438206
47 19.6556 8.26572 -0.65984
48 18.9781 4.81021 -0.49903
49 19.3128 6.3677 -0.617716
50 19.4352 6.06562 -0.40607
51 19.3951 6.27187 -0.626776
52 19.7416 8.45218 -0.221462
53 19.3444 5.94928 -0.71443
54 18.92 4.47989 -0.617352
55 19.3476 6.02832 -0.68923
56 18.6325 3.85645 -0.365791
57 19.2956 6.77104 -0.411663
58 19.1524 5.56602 -0.488318
59 19.1178 5.18051 -0.544211
60 18.8162 4.96338 -0.209909
61 18.9427 5.3271 -0.322281
62 19.4537 7.88561 -0.281833
63 18.9214 5.78017 -0.64776
64 19.6626 8.49033 -0.307402
65 19.0412 6.10037 -0.447961
66 18.9893 5.42959 -0.298099
67 18.7369 5.57972 -0.611918
68 19.2725 5.73429 -0.578427
69 19.0774 5.33319 -0.435495
70 19.3001 6.92973 -0.695721
71 19.5192 6.88602 -0.48562
72 19.3258 5.95615 -0.418926
73 19.8721 8.14757 -0.731745
74 19.5693 7.76229 -0.229718
75 19.4523 6.47394 -0.203055
76 19.4854 6.76537 -0.437487
77 19.202 5.6152 -0.33153
78 19.2566 6.21552 -0.494217
79 19.0744 5.35702 -0.584313
80 18.8437 5.13614 -0.265945
81 19.0487 5.36604 -0.271795
82 19.2346 6.08282 -0.219991
83 19.6128 7.27487 -0.514283
84 19.2394 5.65578 -0.353944
85 19.2709 6.4177 -0.694549
86 19.0878 6.13924 -0.348669
87 19.1106 5.15398 -0.382189
88 19.0544 5.12532 -0.567265
89 15.6183 0.236707 -1.62982
90 18.8281 4.51572 -0.162738
91 19.2372 6.45515 -0.426195
92 19.7218 7.68355 -0.484939
93 19.6991 7.82165 -0.630271
94 18.9154 5.96656 -0.666099
95 19.1324 5.8006 -0.200613
96 15.4652 0.0732253 -1.54906
97 19.3178 6.71305 -0.27712
98 19.3185 6.47214 -0.620371
99 19.1176 5.98157 -0.225687
