100
Particles
0 19.957 4.62139 -0.734082
1 0.413107 5.3839 -0.426925
2 0.159345 5.18027 -0.637338
3 0.178672 5.78984 -0.30771
4 0.0439334 4.48163 -0.360894
5 0.340121 5.75245 -0.700866
6 0.235318 5.4352 -0.627295
7 0.582037 6.73922 -0.597939
8 0.631746 7.14599 -0.669777
9 0.49356 6.12056 -0.441905
10 0.266555 6.28371 -0.398557
11 0.0911068 5.62038 -0.770569
12 0.114369 4.82593 -0.559635
13 0.0488712 4.63017 -0.460929
14 0.433579 7.0912 -0.202796
15 0.0424893 4.38852 -0.684097
16 0.57623 7.27354 -0.56275
17 0.458139 5.67876 -0.178947
18 19.9251 3.96527 -0.291554
19 0.204464 5.20274 -0.4302
20 0.619795 6.27129 -0.476445
21 0.517281 6.34908 -0.262375
22 0.507647 6.28635 -0.233871
23 0.385913 5.87426 -0.20411
24 1.03805 7.7572 -0.685533
25 0.209473 4.65317 -0.353995
26 0.89278 6.93605 -0.560489
27 0.0980539 4.80581 -0.328387
28 0.217002 5.62626 -0.773161
29 0.524533 6.47614 -0.33578
30 19.9722 5.01263 -0.296852
31 0.35922 6.02666 -0.502933
32 0.465929 5.96164 -0.29131
33 0.231983 5.48381 -0.617101
34 0.488855 6.00325 -0.417603
35 0.0659393 5.38461 -0.349512
36 0.304896 4.74461 -0.214096
37 0.478134 5.61139 -0.624982
38 0.236819 5.76697 -0.249043
39 0.301938 5.38915 -0.542929
40 19.9691 4.10232 -0.479156
41 0.0717684 4.72766 -0.295386
42 0.410896 6.23944 -0.656496
43 0.451041 6.61305 -0.491673
44 0.881843 6.88152 -0.581618
45 0.598908 6.31447 -0.59747
46 0.522758 5.55507 -0.701086
47 0.775649 7.74051 -0.677093
48 0.148429 4.39056 -0.394092
49 0.383153 5.7403 -0.411531
50 0.553621 5.52619 -0.623744
51 0.471796 5.70223 -0.595381
52 0.784916 7.78068 -0.584415
53 0.416671 5.38333 -0.80197
54 0.0616531 4.05355 -0.714235
55 0.45454 5.48684 -0.79143
56 19.8164 3.48611 -0.418329
57 0.460013 6.34229 -0.319111
58 0.205588 4.89406 -0.530086
59 0.212126 4.61677 -0.683787
60 19.972 4.52793 -0.638578
61 0.0515847 4.80972 -0.513915
62 0.583001 7.39171 -0.25405
63 19.9932 5.17364 -0.684664
64 0.713156 7.85659 -0.228843
65 0.12697 5.50123 -0.603934
66 0.068751 4.85746 -0.761376
67 19.8686 5.06283 -0.387826
68 0.392761 5.20646 -0.444606
69 0.124274 4.68339 -0.616257
70 0.477077 6.53089 -0.470932
71 0.532997 6.21315 -0.177586
72 0.421512 5.41138 -0.651473
73 0.937018 7.50737 -0.491382
74 0.711734 7.2948 -0.183773
75 0.500281 5.81104 -0.775085
76 0.594605 6.20984 -0.408756
77 0.280283 5.01307 -0.565969
78 0.313956 5.61228 -0.18237
79 0.247751 4.97985 -0.170946
80 0.0466182 4.81195 -0.306171
81 0.112549 4.73052 -0.388798
82 0.279178 5.46663 -0.768555
83 0.750567 6.78333 -0.622227
84 0.382522 5.18078 -0.34848
85 0.351444 5.84926 -0.5221
86 0.231689 5.66266 -0.242422
87 0.218763 4.62037 -0.657147
88 0.165049 4.59769 -0.636593
89 15.3459 19.0291 -1.77243
90 0.0189247 4.14915 -0.239551
91 0.422524 6.08 -0.236308
92 0.792806 7.06031 -0.541018
93 0.873483 7.45474 -0.291909
94 19.9999 5.39205 -0.423816
95 0.199665 5.19679 -0.696006
96 15.3424 18.8486 -1.63661
97 0.342582 6.0388 -0.67606
98 0.334637 5.75099 -0.6691
99 0.128778 5.25556 -0.512681
