100
Particles
0 1.10163 4.13934 -0.341451
1 1.41091 4.65084 -0.75356
2 1.35446 4.82325 -0.356228
3 1.36239 5.42204 -0.148911
4 1.12674 3.89358 -0.530009
5 1.40861 5.1326 -0.337402
6 1.26214 4.73985 -0.498758
7 1.73986 6.29674 -0.517163
8 1.80379 6.74546 -0.279047
9 1.52045 5.441 -0.553026
10 1.34852 5.69833 -0.175528
11 1.2173 5.09959 -0.383457
12 1.20257 4.22147 -0.531494
13 1.10804 3.97236 -0.49513
14 1.64535 6.8239 -0.105759
15 1.11933 3.76102 -0.539294
16 1.73285 6.85399 -0.314292
17 1.52503 5.06386 -0.564648
18 1.05616 3.46155 -0.199395
19 1.29397 4.63835 -0.32225
20 1.74758 5.78691 -0.138579
21 1.66463 5.91267 -0.348635
22 1.64836 5.78953 -0.281531
23 1.42751 5.21482 -0.286667
24 2.17874 7.30092 -0.18887
25 1.30412 4.11286 -0.514175
26 2.0294 6.47961 -0.481451
27 1.13913 4.15332 -0.584128
28 1.25916 4.9811 -0.702364
29 1.64345 5.97285 -0.655888
30 1.10506 4.51032 -0.562937
31 1.3496 5.26789 -0.737925
32 1.60215 5.4681 -0.187957
33 1.26658 4.81995 -0.222237
34 1.59605 5.4563 -0.683535
35 1.17451 4.82169 -0.673702
36 1.50861 4.41606 -0.351888
37 1.63286 5.18611 -0.215536
38 1.31977 5.17566 -0.528558
39 1.37037 4.7678 -0.69418
40 1.0542 3.49096 -0.397588
41 1.13824 4.13918 -0.695777
42 1.50749 5.6649 -0.657325
43 1.49815 5.97519 -0.689736
44 2.07004 6.50204 -0.37036
45 1.65583 5.66345 -0.667468
46 1.66225 5.08517 -0.276607
47 1.90265 7.29155 -0.526434
48 1.34372 4.03936 -0.141284
49 1.46768 5.18718 -0.164864
50 1.61683 4.87862 -0.465393
51 1.5323 5.08947 -0.310494
52 1.88809 7.22774 -0.479293
53 1.45889 4.7406 -0.68066
54 1.17822 3.54776 -0.151659
55 1.59759 4.99592 -0.533155
56 0.860396 2.85782 -0.45945
57 1.62775 5.90911 -0.490335
58 1.21331 4.1944 -0.471782
59 1.34618 4.1489 -0.292961
60 1.05344 3.92749 -0.693376
61 1.19839 4.35935 -0.142122
62 1.78192 7.05412 -0.182269
63 1.03775 4.53461 -0.299431
64 1.87491 7.448 -0.122959
65 1.27095 5.01231 -0.393443
66 1.16541 4.29684 -0.700362
67 1.0186 4.59128 -0.197178
68 1.59115 4.86055 -0.176972
69 1.22483 4.11333 -0.668893
70 1.65303 6.15018 -0.113054
71 1.65457 5.68474 -0.523901
72 1.50707 4.85562 -0.64862
73 1.9985 6.87674 -0.639935
74 1.88522 6.92058 -0.15974
75 1.58017 5.21568 -0.396232
76 1.7079 5.67119 -0.546982
77 1.35297 4.40779 -0.536299
78 1.45985 5.18155 -0.597049
79 1.38394 4.51402 -0.187022
80 1.07634 4.12695 -0.314264
81 1.19491 4.13954 -0.563566
82 1.42465 5.00913 -0.520653
83 1.80629 6.15679 -0.523282
84 1.58324 4.84079 -0.235381
85 1.46607 5.30997 -0.412369
86 1.29283 5.02452 -0.52204
87 1.34193 4.1152 -0.662024
88 1.22146 3.94774 -0.548205
89 14.7104 17.9715 -2.34702
90 1.16814 3.68913 -0.517241
91 1.56759 5.63465 -0.277228
92 1.92545 6.5562 -0.542366
93 2.06615 7.09277 -0.413612
94 1.05119 4.7359 -0.585802
95 1.3631 4.7434 -0.374021
96 14.7331 17.7968 -2.49849
97 1.35603 5.34628 -0.740449
98 1.37912 5.09797 -0.302765
99 1.18712 4.62384 -0.301156
