100
Particles
0 2.24882 3.70764 -0.664094
1 2.45798 3.97973 -0.672505
2 2.40137 4.16722 -0.756359
3 2.48499 4.93281 -0.622462
4 2.20635 3.29444 -0.267163
5 2.55536 4.66174 -0.28609
6 2.3687 4.19782 -0.658924
7 2.89121 5.86536 -0.590316
8 3.01261 6.45192 -0.355583
9 2.65416 4.99004 -0.64776
10 2.52188 5.30828 -0.250195
11 2.36865 4.64614 -0.313156
12 2.25622 3.58219 -0.495668
13 2.18949 3.35195 -0.558408
14 2.78418 6.34816 -0.444583
15 2.24304 3.25001 -0.58435
16 2.89654 6.47217 -0.349587
17 2.60109 4.45374 -0.351832
18 2.16646 2.91322 -0.595026
19 2.40213 4.12079 -0.730221
20 2.8184 5.17094 -0.646869
21 2.81121 5.42206 -0.428914
22 2.80055 5.3624 -0.412847
23 2.58155 4.76397 -0.231507
24 3.37867 6.99517 -0.217727
25 2.43748 3.6318 -0.25455
26 3.15143 5.94581 -0.531512
27 2.22803 3.56811 -0.400103
28 2.38483 4.45482 -0.457899
29 2.83781 5.64023 -0.160602
30 2.24281 4.0565 -0.751872
31 2.4776 4.78642 -0.50331
32 2.7093 4.91781 -0.64333
33 2.41393 4.40842 -0.182322
34 2.72226 4.97843 -0.206409
35 2.27683 4.26543 -0.443733
36 2.65588 3.92973 -0.307092
37 2.82965 4.85551 -0.148857
38 2.46441 4.72433 -0.130158
39 2.42564 4.11212 -0.690032
40 2.11123 2.83721 -0.609918
41 2.28547 3.66906 -0.446618
42 2.61449 5.11044 -0.194589
43 2.59744 5.41504 -0.612344
44 3.24718 6.13036 -0.314807
45 2.80321 5.19259 -0.27042
46 2.73615 4.49808 -0.69365
47 3.00026 6.71684 -0.283674
48 2.44462 3.49069 -0.468535
49 2.55689 4.58945 -0.381311
50 2.80842 4.53287 -0.284806
51 2.72191 4.72434 -0.405531
52 3.02627 6.80344 -0.225454
53 2.53786 4.16543 -0.376319
54 2.26405 2.95419 -0.226072
55 2.65505 4.33134 -0.566302
56 1.81464 2.06239 -0.820373
57 2.74378 5.39013 -0.437194
58 2.29483 3.63271 -0.74965
59 2.44721 3.59976 -0.624
60 2.15358 3.39319 -0.532702
61 2.38039 3.97779 -0.303941
62 2.90645 6.55725 -0.0998505
63 2.20582 4.11304 -0.422303
64 3.02924 6.99043 -0.278934
65 2.39521 4.4904 -0.499469
66 2.32175 3.8676 -0.374214
67 2.17152 4.14941 -0.26248
68 2.72466 4.39342 -0.539428
69 2.26231 3.4319 -0.806709
70 2.84697 5.80916 -0.303716
71 2.79878 5.24508 -0.120659
72 2.69444 4.4818 -0.318952
73 3.20004 6.62047 0.0100461
74 2.98499 6.34128 -0.481849
75 2.71869 4.75357 -0.456009
76 2.77664 5.07241 -0.669209
77 2.5053 3.97322 -0.497549
78 2.58509 4.70691 -0.673249
79 2.51064 4.01646 -0.37544
80 2.18342 3.5915 -0.3243
81 2.27029 3.5543 -0.773154
82 2.53332 4.51731 -0.720534
83 3.02128 5.90948 -0.0324603
84 2.67531 4.26006 -0.365604
85 2.668 4.98604 -0.235954
86 2.43453 4.59222 -0.147585
87 2.43714 3.53972 -0.261386
88 2.24741 3.24182 -0.751109
89 13.7596 17.1799 -2.27961
90 2.285 3.15688 -0.324499
91 2.59994 4.94141 -0.44358
92 3.06307 6.0738 -0.521327
93 3.29472 6.90751 -0.0558336
94 2.09734 4.07167 -0.449801
95 2.47995 4.21456 -0.376704
96 13.8802 16.8982 -2.51959
97 2.43465 4.73003 -0.561605
98 2.50315 4.58715 -0.694468
99 2.2783 4.07382 -0.327144
