100
Particles
0 3.36283 3.18763 -0.312159
1 3.54902 3.41174 -0.35709
2 3.47427 3.54551 -0.513032
3 3.59307 4.38021 -0.647695
4 3.28425 2.70219 -0.429056
5 3.63601 4.09677 -0.17628
6 3.38518 3.49818 -0.764386
7 4.07751 5.54131 -0.486031
8 4.15614 6.01588 -0.568261
9 3.69243 4.3016 -0.580106
10 3.70068 4.93537 -0.0965089
11 3.48314 4.09729 -0.484708
12 3.34288 2.97763 -0.545446
13 3.1835 2.61621 -0.624555
14 3.9666 5.99188 -0.367991
15 3.32448 2.66605 -0.238632
16 4.05205 6.02399 -0.56212
17 3.69241 3.89627 -0.345014
18 3.26403 2.35354 -0.33137
19 3.42679 3.42079 -0.395743
20 3.98903 4.78368 -0.355683
21 3.9095 4.85728 -0.444295
22 3.91718 4.83564 -0.536488
23 3.66204 4.16873 -0.55208
24 4.5031 6.49212 -0.512771
25 3.51347 3.00317 -0.479521
26 4.29503 5.48903 -0.5054
27 3.24701 2.89281 -0.766786
28 3.5261 3.99273 -0.62518
29 4.00798 5.22934 -0.313153
30 3.34037 3.48836 -0.286663
31 3.67314 4.42981 -0.348278
32 3.80651 4.37246 -0.570998
33 3.45026 3.73061 -0.665324
34 3.80251 4.40711 -0.548587
35 3.41196 3.79822 -0.33723
36 3.72165 3.30886 -0.614076
37 4.0197 4.50976 -0.184566
38 3.61111 4.29963 -0.1991
39 3.41592 3.36038 -0.598725
40 3.21124 2.30495 -0.228854
41 3.33999 3.03225 -0.791313
42 3.73757 4.59808 -0.514537
43 3.79492 5.11902 -0.0876017
44 4.40682 5.69125 -0.32308
45 3.95251 4.74911 -0.426558
46 3.88963 4.06512 -0.458928
47 4.18673 6.38171 -0.127602
48 3.53296 2.91041 -0.478816
49 3.65574 4.05065 -0.186843
50 3.86625 3.93884 -0.785215
51 3.84267 4.20738 -0.511623
52 4.20387 6.4143 -0.33707
53 3.62695 3.58165 -0.529091
54 3.34921 2.35324 -0.518303
55 3.77338 3.83875 -0.42564
56 2.91659 1.4789 -0.476118
57 3.91493 4.99696 -0.580061
58 3.43888 3.13505 -0.337086
59 3.46546 2.90424 -0.831695
60 3.19853 2.7438 -0.828009
61 3.45015 3.36385 -0.517718
62 4.06359 6.18709 0.0224163
63 3.27635 3.47847 -0.577959
64 4.22726 6.75528 0.0480103
65 3.3592 3.69776 -0.614804
66 3.33527 3.15067 -0.75858
67 3.2745 3.57374 -0.396789
68 3.84793 3.86628 -0.643817
69 3.37358 2.874 -0.380559
70 3.94073 5.21656 -0.593906
71 3.9877 4.92425 -0.159033
72 3.81239 3.95544 -0.214913
73 4.34883 6.1761 -0.362987
74 4.18894 6.05902 -0.0978204
75 3.76695 4.08561 -0.650179
76 3.90409 4.58698 -0.699573
77 3.67538 3.5459 -0.20516
78 3.68625 4.195 -0.569194
79 3.63099 3.49952 -0.339937
80 3.2252 2.92387 -0.522165
81 3.29705 2.86322 -0.682495
82 3.63233 3.99202 -0.455076
83 4.21467 5.59141 -0.349568
84 3.73551 3.63134 -0.640849
85 3.83487 4.58507 -0.50207
86 3.49529 3.9465 -0.48629
87 3.4406 2.84194 -0.752328
88 3.36615 2.7161 -0.533291
89 12.6844 16.5862 -2.77973
90 3.32744 2.46919 -0.526037
91 3.73799 4.44739 -0.646137
92 4.22616 5.65172 -0.486799
93 4.50044 6.65597 -0.18176
94 3.21661 3.53628 -0.416636
95 3.54808 3.59716 -0.683507
96 12.8545 16.2078 -2.71254
97 3.48389 4.11699 -0.721928
98 3.60956 4.02309 -0.329458
99 3.38491 3.51247 -0.572851
