100
Particles
0 4.46069 2.627 -0.582604
1 4.60902 2.81023 -0.825162
2 4.65443 3.14873 -0.402427
3 4.67909 3.79503 -0.694026
4 4.25654 1.94073 -0.42744
5 4.70495 3.49926 -0.401914
6 4.41703 2.84259 -0.790133
7 5.20953 5.05621 -0.404752
8 5.26981 5.47234 -0.454468
9 4.80922 3.81056 -0.248614
10 4.88833 4.56997 -0.30936
11 4.51672 3.42462 -0.286836
12 4.34706 2.23681 -0.682038
13 4.172 1.88358 -0.863401
14 5.11449 5.57488 -0.604787
15 4.44076 2.14684 -0.460788
16 5.20094 5.62156 -0.138784
17 4.71588 3.2025 -0.476845
18 4.36871 1.77445 -0.488421
19 4.46986 2.76033 -0.640573
20 5.14713 4.37784 -0.206931
21 5.04161 4.38513 -0.317374
22 4.90279 4.12612 -0.827906
23 4.77785 3.60831 -0.466669
24 5.6895 6.21998 -0.0358033
25 4.50797 2.25121 -0.537107
26 5.40549 4.95771 -0.452616
27 4.21737 2.12507 -0.707503
28 4.63969 3.44723 -0.545556
29 5.19838 4.90392 -0.0747839
30 4.44474 2.91089 -0.543324
31 4.81227 3.94725 -0.373604
32 4.82669 3.67245 -0.676805
33 4.51327 3.12535 -0.413991
34 4.85207 3.75679 -0.63133
35 4.44239 3.10855 -0.475093
36 4.66693 2.50391 -0.595089
37 5.0565 3.83232 -0.412103
38 4.63637 3.63461 -0.810772
39 4.49384 2.73108 -0.515975
40 4.31314 1.75334 -0.521476
41 4.41438 2.41181 -0.409435
42 4.86622 4.08055 -0.446181
43 4.91326 4.61505 -0.500853
44 5.6143 5.44822 -0.0187524
45 5.09872 4.27234 -0.377485
46 4.93853 3.39866 -0.618701
47 5.40477 6.15179 -0.0427651
48 4.59298 2.32185 -0.464632
49 4.70677 3.39795 -0.435581
50 4.8912 3.2774 -0.792448
51 4.88229 3.52899 -0.590728
52 5.41179 6.14359 -0.0249864
53 4.6955 2.95532 -0.693858
54 4.42163 1.74865 -0.350937
55 4.8121 3.20031 -0.269322
56 4.08911 1.05256 -0.380673
57 5.07497 4.57787 -0.667393
58 4.41588 2.3745 -0.636004
59 4.40994 2.0934 -0.847447
60 4.13352 1.93604 -0.419412
61 4.52411 2.75974 -0.548425
62 5.21834 5.7418 -0.357442
63 4.34843 2.87079 -0.603495
64 5.36384 6.2882 -0.0510924
65 4.41594 3.03998 -0.628869
66 4.44848 2.61418 -0.303725
67 4.34314 2.96722 -0.449902
68 4.93712 3.30843 -0.257179
69 4.37434 2.17268 -0.806872
70 5.0565 4.74503 -0.124302
71 5.06637 4.34685 -0.411043
72 4.8345 3.24765 -0.595497
73 5.54049 5.83735 -0.0456022
74 5.36241 5.71871 -0.392901
75 4.84932 3.48799 -0.613358
76 4.97589 3.97543 -0.379654
77 4.709 2.88558 -0.754298
78 4.71272 3.52121 -0.728176
79 4.64805 2.78019 -0.567079
80 4.32664 2.3502 -0.687006
81 4.31255 2.17829 -0.403985
82 4.6409 3.28613 -0.814451
83 5.4058 5.25672 -0.132545
84 4.7523 2.96314 -0.274433
85 4.89105 3.92435 -0.700938
86 4.51773 3.24245 -0.696105
87 4.48266 2.18366 -0.43462
88 4.41365 2.05628 -0.763095
89 11.6275 15.9586 -2.65246
90 4.34818 1.78073 -0.530004
91 4.91948 4.06197 -0.41546
92 5.34613 5.13956 -0.563508
93 5.68639 6.31784 -0.159641
94 4.28543 2.92477 -0.460931
95 4.49614 2.79285 -0.540395
96 11.8198 15.5115 -2.59655
97 4.49206 3.38969 -0.660345
98 4.68938 3.42835 -0.333856
99 4.45313 2.89698 -0.67702
