100
Particles
0 5.60299 2.1303 -0.407891
1 5.6043 2.09604 -0.583177
2 5.72212 2.53304 -0.795734
3 5.77488 3.25121 -0.72429
4 5.29485 1.27666 -0.8162
5 5.7905 2.93375 -0.727403
6 5.35245 2.03172 -0.742216
7 6.33879 4.56751 -0.580499
8 6.43947 5.10267 -0.0621867
9 5.79743 3.05355 -0.533928
10 5.9762 3.97746 -0.639976
11 5.50676 2.67933 -0.459316
12 5.48327 1.72745 -0.308973
13 5.18393 1.19048 -0.254503
14 6.32638 5.29121 -0.153105
15 5.39896 1.3496 -0.610251
16 6.36518 5.20197 -0.617277
17 5.82839 2.68081 -0.344711
18 5.3967 1.10062 -0.563622
19 5.55018 2.16164 -0.616756
20 6.27032 3.90245 -0.146117
21 6.19647 3.92426 -0.511153
22 5.9064 3.42165 -0.724823
23 5.89821 3.08125 -0.322061
24 6.86185 5.87874 -0.499585
25 5.55739 1.59685 -0.413438
26 6.53492 4.43255 -0.584051
27 5.21378 1.44115 -0.8244
28 5.67546 2.77735 -0.354893
29 6.28013 4.29206 -0.407078
30 5.51445 2.29731 -0.735372
31 5.97094 3.48838 -0.461338
32 5.88878 3.03296 -0.448825
33 5.62019 2.59876 -0.348326
34 5.96637 3.19976 -0.435138
35 5.41752 2.34581 -0.5095
36 5.83194 2.06305 -0.217967
37 6.07557 3.13303 -0.775979
38 5.76652 3.12559 -0.404395
39 5.4704 1.97845 -0.788564
40 5.39746 1.15178 -0.688741
41 5.44284 1.73669 -0.810199
42 5.91103 3.41886 -0.608742
43 5.98061 4.02574 -0.714424
44 6.70788 4.89207 -0.584097
45 6.20732 3.74987 -0.119668
46 6.02186 2.81763 -0.747654
47 6.58863 5.82612 -0.0897128
48 5.62994 1.63598 -0.42292
49 5.83115 2.91369 -0.247203
50 5.93482 2.62397 -0.47592
51 5.98489 2.98722 -0.458787
52 6.54267 5.63698 -0.540098
53 5.76905 2.35154 -0.316834
54 5.42633 1.02701 -0.444353
55 5.96735 2.72923 -0.278257
56 5.16899 0.500192 -0.84069
57 6.22813 4.11225 -0.399097
58 5.41803 1.63376 -0.622183
59 5.43479 1.39714 -0.400078
60 5.21935 1.35348 -0.566802
61 5.55939 2.08355 -0.636818
62 6.43054 5.45041 -0.30733
63 5.50561 2.42705 -0.238424
64 6.51866 5.84042 -0.514515
65 5.41402 2.29489 -0.79476
66 5.42482 1.85187 -0.684443
67 5.44583 2.40874 -0.562794
68 6.06057 2.81778 -0.341527
69 5.40262 1.54711 -0.34921
70 6.19629 4.3022 -0.162553
71 6.16975 3.80161 -0.232241
72 5.89512 2.62272 -0.349627
73 6.69668 5.47191 -0.639584
74 6.51445 5.28266 -0.547445
75 5.87923 2.81761 -0.740176
76 6.03478 3.34411 -0.586134
77 5.72665 2.17063 -0.670617
78 5.83143 3.02964 -0.311913
79 5.72764 2.15701 -0.610124
80 5.41591 1.75113 -0.463392
81 5.36897 1.52984 -0.460841
82 5.78969 2.82089 -0.246106
83 6.62327 5.00653 -0.20553
84 5.86055 2.42817 -0.785512
85 5.95443 3.30552 -0.568407
86 5.63641 2.72387 -0.243791
87 5.53919 1.53309 -0.61489
88 5.41811 1.38207 -0.786458
89 10.6031 15.2807 -2.64538
90 5.40552 1.14723 -0.511681
91 6.04781 3.58312 -0.16832
92 6.49508 4.69268 -0.189085
93 6.87954 6.00915 -0.0545201
94 5.3503 2.31149 -0.352954
95 5.55014 2.16925 -0.253823
96 10.8775 14.7323 -2.37874
97 5.51492 2.69241 -0.605922
98 5.77494 2.8603 -0.630577
99 5.44699 2.16745 -0.377555
