100
Particles
0 6.69439 1.56758 -0.237082
1 6.73363 1.58884 -0.464887
2 6.83768 1.98787 -0.477047
3 6.91669 2.77137 -0.313421
4 6.35637 0.65342 -0.406503
5 6.88243 2.36885 -0.756197
6 6.42766 1.4165 -0.558992
7 7.49137 4.11663 -0.22047
8 7.6044 4.68264 -0.245723
9 6.78029 2.29882 -0.773439
10 7.04019 3.33514 -0.518543
11 6.62257 2.15935 -0.678666
12 6.48362 1.00267 -0.668311
13 6.13344 0.404995 -0.428959
14 7.48921 4.85108 -0.407748
15 6.43336 0.696977 -0.837254
16 7.55305 4.91815 -0.439536
17 6.93321 2.11595 -0.437412
18 6.37585 0.335002 -0.495305
19 6.62687 1.57902 -0.347209
20 7.30741 3.20916 -0.519012
21 7.1795 3.16382 -0.688928
22 6.94898 2.75096 -0.781696
23 6.95217 2.42379 -0.439801
24 8.05224 5.55974 -0.484444
25 6.59323 0.913245 -0.575868
26 7.61484 3.80855 -0.531935
27 6.33775 0.927664 -0.27224
28 6.82223 2.33415 -0.455624
29 7.48309 3.98365 -0.256057
30 6.67696 1.85144 -0.342121
31 7.13245 3.06624 -0.405234
32 7.03914 2.58133 -0.233868
33 6.67446 1.93698 -0.670917
34 7.08702 2.69324 -0.399712
35 6.43876 1.68817 -0.778102
36 6.88898 1.43957 -0.638603
37 7.19241 2.59917 -0.596571
38 6.82416 2.48893 -0.40476
39 6.53257 1.35341 -0.791264
40 6.38098 0.41655 -0.791805
41 6.5156 1.15913 -0.729633
42 6.95994 2.78141 -0.341196
43 7.018 3.34385 -0.647462
44 7.82866 4.3814 -0.587441
45 7.32894 3.25083 -0.582454
46 7.11471 2.24009 -0.504387
47 7.72767 5.39772 -0.0839005
48 6.73977 1.07683 -0.362768
49 6.98953 2.4591 -0.486237
50 7.05288 2.09524 -0.407009
51 7.02913 2.34324 -0.774894
52 7.73178 5.30213 -0.392893
53 6.77937 1.64756 -0.466621
54 6.3619 0.213452 -0.790293
55 7.09292 2.2604 -0.237935
56 6.22617 19.85 -0.579698
57 7.23469 3.38006 -0.714576
58 6.47685 0.999679 -0.426484
59 6.47152 0.727633 -0.604554
60 6.32966 0.790837 -0.335178
61 6.68646 1.59539 -0.253761
62 7.6307 5.15871 -0.483853
63 6.60903 1.89736 -0.717759
64 7.72725 5.60058 -0.435027
65 6.40582 1.56018 -0.817539
66 6.43584 1.15684 -0.683471
67 6.54463 1.84774 -0.575623
68 7.16081 2.24921 -0.540078
69 6.43985 0.892608 -0.356029
70 7.24915 3.64082 -0.512761
71 7.22711 3.15907 -0.771552
72 6.99212 2.08012 -0.207836
73 7.86845 5.08394 -0.477019
74 7.73351 5.06732 -0.0398625
75 6.97944 2.23837 -0.498274
76 7.15852 2.83184 -0.197249
77 6.82067 1.58662 -0.459538
78 6.9611 2.5544 -0.308115
79 6.77707 1.4923 -0.686747
80 6.40964 1.01798 -0.386313
81 6.45456 0.916311 -0.540588
82 6.8847 2.24665 -0.459007
83 7.76572 4.57645 -0.056498
84 6.97816 1.91219 -0.361786
85 6.97404 2.60094 -0.520213
86 6.73655 2.1436 -0.520021
87 6.58838 0.864799 -0.581517
88 6.41769 0.672244 -0.718657
89 9.40191 15.0512 -3.17513
90 6.38165 0.3852 -0.631218
91 7.10866 2.96452 -0.49942
92 7.60449 4.1503 -0.588989
93 8.05679 5.6211 -0.437492
94 6.48293 1.79502 -0.411472
95 6.58538 1.50091 -0.736753
96 9.76194 14.2525 -2.96956
97 6.56078 2.03259 -0.467188
98 6.8683 2.27184 -0.464069
99 6.51123 1.54606 -0.812499
