100
Particles
0 7.6999 0.828186 -0.712609
1 7.70217 0.822531 -0.835084
2 7.8388 1.27629 -0.810209
3 8.05026 2.29318 -0.274243
4 7.4182 0.0233689 -0.826664
5 7.94858 1.7626 -0.720826
6 7.56016 0.925249 -0.489343
7 8.4952 3.40128 -0.697906
8 8.73157 4.18435 -0.195202
9 7.87154 1.75525 -0.870456
10 8.00407 2.55829 -0.831459
11 7.68604 1.54601 -0.809212
12 7.54711 0.3828 -0.365181
13 7.18653 19.7572 -0.514483
14 8.68019 4.49917 -0.182961
15 7.43367 19.9588 -0.760025
16 8.70201 4.45053 -0.243587
17 7.98025 1.48281 -0.341706
18 7.3092 19.51 -0.730562
19 7.62295 0.856867 -0.872866
20 8.33091 2.51706 -0.652112
21 8.2178 2.48022 -0.677893
22 7.94603 2.01582 -0.444156
23 8.05384 1.86272 -0.358893
24 9.22149 5.16862 -0.162235
25 7.65931 0.309187 -0.583849
26 8.70762 3.24037 -0.276271
27 7.35713 0.241908 -0.785881
28 7.88208 1.69779 -0.758762
29 8.43378 3.1771 -0.767438
30 7.68016 1.14512 -0.805641
31 8.24848 2.5112 -0.405477
32 8.05545 1.85786 -0.722523
33 7.78893 1.38224 -0.351489
34 8.18017 2.13799 -0.49847
35 7.47094 1.02058 -0.655429
36 7.88194 0.688516 -0.671091
37 8.22531 1.95717 -0.850767
38 7.92519 1.9802 -0.852379
39 7.54148 0.647927 -0.551214
40 7.45763 19.8214 -0.75958
41 7.56584 0.510524 -0.433623
42 7.8946 1.95294 -0.686141
43 8.09088 2.72439 -0.682327
44 8.94752 3.84571 -0.55172
45 8.4616 2.755 -0.382631
46 8.09788 1.51493 -0.884769
47 8.87401 4.95117 -0.398552
48 7.75712 0.368379 -0.590681
49 8.05722 1.83829 -0.685891
50 8.16554 1.58888 -0.519359
51 8.13304 1.77088 -0.317122
52 8.90085 4.90243 -0.10551
53 7.83464 1.0418 -0.669844
54 7.40491 19.5582 -0.879067
55 8.20875 1.7208 -0.442062
56 7.26899 19.1955 -0.805274
57 8.37052 2.86757 -0.327475
58 7.46526 0.259172 -0.732314
59 7.57133 0.161568 -0.650855
60 7.2812 0.00589703 -0.793444
61 7.68003 0.865923 -0.712245
62 8.75665 4.69857 -0.471596
63 7.6719 1.28954 -0.487766
64 8.88269 5.17742 -0.116218
65 7.43699 0.887718 -0.778726
66 7.53172 0.580366 -0.487868
67 7.5982 1.21301 -0.485657
68 8.22559 1.64639 -0.399081
69 7.43651 0.160443 -0.623005
70 8.30472 3.01755 -0.645693
71 8.18888 2.39454 -0.803225
72 8.08241 1.52904 -0.879702
73 9.03087 4.69001 -0.19419
74 8.86622 4.56755 -0.494313
75 8.05764 1.66611 -0.796749
76 8.25078 2.27558 -0.646882
77 7.87672 0.933299 -0.459064
78 7.92927 1.7734 -0.791895
79 7.83056 0.863145 -0.427463
80 7.44084 0.329098 -0.539733
81 7.39514 0.106848 -0.501936
82 7.92133 1.56057 -0.627142
83 8.8233 3.92147 -0.501654
84 8.09251 1.35441 -0.376086
85 8.03455 1.95667 -0.469134
86 7.74764 1.44739 -0.866798
87 7.5842 0.150609 -0.335442
88 7.49237 0.0875637 -0.573734
89 8.17646 14.8549 -2.96969
90 7.50721 19.85 -0.573186
91 8.17671 2.34832 -0.629893
92 8.75403 3.68936 -0.587023
93 9.21201 5.20604 -0.243389
94 7.50315 1.13069 -0.324775
95 7.67146 0.935784 -0.389568
96 8.55094 13.9775 -3.13547
97 7.56888 1.32532 -0.804107
98 7.95287 1.69528 -0.726271
99 7.54525 0.871092 -0.407721
