100
Particles
0 8.71409 0.131921 -0.544395
1 8.79866 0.237812 -0.414892
2 8.91162 0.670684 -0.790195
3 8.94007 1.45126 -0.44753
4 8.45413 19.3535 -0.693016
5 8.88266 0.949574 -0.671077
6 8.55321 0.185773 -0.727576
7 9.61123 2.889 -0.371148
8 9.91518 3.90599 -0.0672675
9 8.99368 1.22433 -0.628294
10 9.00111 1.8507 -0.358602
11 8.62579 0.748786 -0.760064
12 8.6361 19.7842 -0.346152
13 8.26689 19.1407 -0.697279
14 9.75486 3.86601 -0.557838
15 8.34304 19.1338 -0.832887
16 9.84258 3.99838 -0.590422
17 8.94458 0.701034 -0.644196
18 8.26811 18.7224 -0.772259
19 8.57684 0.0824272 -0.431902
20 9.24585 1.68936 -0.78389
21 9.20507 1.73342 -0.67717
22 8.9845 1.34632 -0.668108
23 9.11826 1.22694 -0.418787
24 10.4232 4.8577 -0.36787
25 8.68099 19.6402 -0.378313
26 9.83303 2.72079 -0.449366
27 8.38552 19.5577 -0.564718
28 8.89598 1.00852 -0.531438
29 9.47332 2.53665 -0.303269
30 8.65672 0.384897 -0.609998
31 9.19115 1.71027 -0.433375
32 9.09202 1.19676 -0.458184
33 8.86642 0.776586 -0.336393
34 8.95852 1.16247 -0.902045
35 8.50965 0.354882 -0.47491
36 8.9629 0.069017 -0.509203
37 9.32276 1.36936 -0.494174
38 8.93144 1.24782 -0.594456
39 8.59339 19.9932 -0.525942
40 8.51357 19.1702 -0.347561
41 8.59008 19.8243 -0.910148
42 8.95086 1.32127 -0.344445
43 9.11561 2.03578 -0.412011
44 10.0951 3.38681 -0.315759
45 9.49562 2.08398 -0.397067
46 9.09059 0.797968 -0.466689
47 10.0333 4.53489 -0.466117
48 8.63861 19.4998 -0.902393
49 9.12718 1.19687 -0.470321
50 9.16313 0.866667 -0.334472
51 9.14122 1.07754 -0.836898
52 10.0968 4.65813 -0.597515
53 8.75545 0.236826 -0.909354
54 8.49851 18.9913 -0.380679
55 9.19301 0.991794 -0.758881
56 8.32701 18.5544 -0.416483
57 9.42916 2.21233 -0.598295
58 8.54976 19.6412 -0.435511
59 8.5393 19.3915 -0.818975
60 8.23536 19.2091 -0.649513
61 8.67396 0.13113 -0.547113
62 9.96714 4.44685 -0.186094
63 8.64435 0.529589 -0.895744
64 10.0841 4.92854 -0.0338473
65 8.37996 0.111642 -0.756609
66 8.57296 19.8979 -0.604482
67 8.63114 0.513421 -0.542312
68 9.13544 0.799878 -0.844658
69 8.42448 19.4305 -0.601758
70 9.34271 2.35828 -0.64581
71 9.18132 1.65643 -0.646406
72 9.04479 0.751087 -0.402631
73 10.1605 4.21273 -0.440154
74 10.0119 4.1293 -0.582882
75 9.04553 0.944542 -0.332197
76 9.23174 1.50779 -0.816644
77 8.80941 0.131479 -0.402986
78 8.87388 0.984114 -0.470665
79 8.87191 0.194976 -0.797474
80 8.38831 19.5337 -0.817106
81 8.40946 19.3811 -0.54664
82 8.93138 0.841926 -0.547911
83 10.0005 3.5338 -0.483745
84 9.13692 0.675724 -0.641094
85 9.03416 1.25137 -0.871862
86 8.78663 0.804872 -0.62237
87 8.59697 19.437 -0.848221
88 8.44217 19.2833 -0.536728
89 6.93573 14.7928 3.13648
90 8.50182 19.1006 -0.521296
91 9.09796 1.53715 -0.885029
92 9.90612 3.24998 -0.448221
93 10.4249 4.95263 -0.0979055
94 8.52323 0.443547 -0.880475
95 8.72697 0.276189 -0.451794
96 7.35356 13.636 -2.98187
97 8.60815 0.674365 -0.600986
98 8.92223 0.940647 -0.474125
99 8.5753 0.187101 -0.330102
