100
Particles
0 7.59214 19.8444 0.0431021
1 7.61618 19.7779 0.173343
2 7.63454 0.368058 0.325594
3 7.5995 0.1079 -0.219568
4 7.62242 19.6449 -0.150023
5 7.59482 19.6732 -0.145692
6 7.60806 19.7676 0.263226
7 7.6473 19.8626 0.0575556
8 7.61386 19.6299 0.238381
9 7.59534 19.8643 -0.118315
10 7.61726 19.9187 -0.115389
11 7.65316 0.328965 0.0341633
12 7.60852 19.9915 0.109162
13 7.63478 19.7835 0.169971
14 7.59502 0.0198105 0.342785
15 7.58346 0.070416 -0.0461692
16 7.64586 0.356518 -0.0935175
17 7.62869 19.7935 -0.146645
18 7.60699 19.6623 0.333796
19 7.63469 0.191142 0.189328
20 7.63583 0.0580811 0.181396
21 7.61091 19.5768 -0.134586
22 7.61344 19.8742 0.258421
23 7.62378 0.100312 -0.272744
24 7.62994 0.13047 0.17323
25 7.59967 19.2721 0.117198
26 7.63155 19.6529 0.0766357
27 7.59754 19.9475 0.338576
28 7.63937 0.0688506 0.22858
29 7.64615 19.9061 0.179235
30 7.62813 19.9188 -0.0579693
31 7.60105 19.8574 -0.268776
32 7.62846 19.9899 0.0286791
33 7.6218 19.7398 0.0456977
34 7.59666 19.9174 -0.169345
35 7.59097 19.9923 -0.190648
36 7.61345 19.657 -0.191211
37 7.61112 19.7481 -0.132496
38 7.60574 19.9197 0.215017
39 7.58446 19.6399 0.318539
40 7.60593 19.5063 0.2209
41 7.63443 19.4576 -0.216243
42 7.64647 0.0545862 -0.133601
43 7.63704 0.108955 0.134411
44 7.60146 19.9967 -0.245491
45 7.66077 0.0148319 0.0592496
46 7.61461 19.1929 -0.188395
47 7.66152 0.320905 0.113201
48 7.62799 19.994 -0.0758697
49 7.61794 0.0405655 0.24856
50 7.63212 19.7122 -0.0565053
51 7.62242 19.7135 0.00803172
52 7.64315 0.381958 -0.132773
53 7.59285 19.8552 -0.251426
54 7.6295 19.6194 0.0632397
55 7.67049 0.138019 -0.10346
56 7.66124 19.8307 0.0597408
57 7.62535 19.7947 -0.102299
58 7.62549 19.7417 -0.180435
59 7.60265 19.39 -0.272758
60 7.62599 0.137333 0.234681
61 7.61924 19.8097 -0.152926
62 7.6121 0.49947 0.105021
63 7.62629 19.8368 -0.070704
64 7.58593 0.416886 0.213981
65 7.58813 19.7116 0.119967
66 7.64191 19.7093 0.168819
67 7.60923 0.592615 0.0840278
68 7.62559 19.7194 -0.165979
69 7.62508 19.5506 0.000540114
70 7.64391 0.228175 0.333382
71 7.64566 0.0380022 -0.0105773
72 7.63643 0.0301729 -0.0194768
73 7.64335 0.0592558 0.0371608
74 7.61491 19.8504 -0.148712
75 7.60802 0.0370166 0.0283049
76 7.67109 19.8511 0.0455867
77 7.5771 19.347 -0.0313085
78 7.63495 0.267437 -0.163817
79 7.63799 19.7202 0.336138
80 7.62774 19.9013 -0.0192231
81 7.63383 19.805 0.190136
82 7.61165 19.77 -0.245234
83 7.65304 0.374619 -0.124374
84 7.60958 19.4977 -0.241995
85 7.6349 19.6416 0.0799246
86 7.59231 0.282124 -0.28501
87 7.57417 19.7785 0.16618
88 7.61614 19.5411 -0.033408
89 7.62832 19.4836 -0.0475113
90 7.61891 19.5501 -0.0257491
91 7.62204 19.7852 0.145496
92 7.65216 19.9224 0.132059
93 7.61304 0.145469 0.199775
94 7.60316 19.9193 0.287183
95 7.59976 19.6308 0.228775
96 7.65332 19.8304 -0.15891
97 7.59864 0.0473813 0.0096845
98 7.6122 19.9184 -0.0144211
99 7.60505 19.8136 0.326019
