100
Particles
0 9.6221 19.2839 -0.587914
1 9.74004 19.4393 -0.824694
2 9.92857 19.9794 -0.812576
3 9.93052 0.697562 -0.57824
4 9.54646 18.7622 -0.622413
5 9.89861 0.256724 -0.379031
6 9.49517 19.3772 -0.673355
7 10.7386 2.38916 -0.662453
8 11.0513 3.43091 -0.0695176
9 10.0819 0.625332 -0.670534
10 9.98183 1.11876 -0.63304
11 9.6804 0.0794019 -0.515176
12 9.59927 19.0169 -0.930751
13 9.25687 18.4114 -0.88385
14 10.9036 3.40315 -0.560597
15 9.27063 18.3481 -0.970677
16 11.0251 3.63245 -0.477093
17 9.87753 19.8843 -0.746297
18 9.18537 17.9281 -0.485427
19 9.54099 19.3259 -0.881065
20 10.3168 1.08774 -0.262827
21 10.2144 1.04575 -0.322241
22 9.9735 0.60812 -0.67383
23 10.1235 0.514928 -0.704365
24 11.5359 4.31265 -0.352197
25 9.63683 18.8849 -0.732872
26 11.016 2.3403 -0.345691
27 9.42412 18.876 -0.477417
28 10.0072 0.460838 -0.58266
29 10.5242 1.88629 -0.320764
30 9.80208 19.8983 -0.29709
31 10.2239 1.01847 -0.515586
32 10.0591 0.44192 -0.753642
33 9.96461 0.216273 -0.760576
34 10.0505 0.586943 -0.328374
35 9.48194 19.5861 -0.649273
36 10.0218 19.4414 -0.492557
37 10.3583 0.685421 -0.654895
38 9.97102 0.567901 -0.50216
39 9.5775 19.2373 -0.534606
40 9.44938 18.3609 -0.681641
41 9.73804 19.3349 -0.465128
42 9.94049 0.595724 -0.649083
43 10.1173 1.32038 -0.863302
44 11.2091 2.89581 -0.136187
45 10.5422 1.42114 -0.551071
46 10.1101 0.0956415 -0.393622
47 11.1781 4.13415 -0.159968
48 9.60055 18.739 -0.447529
49 10.1109 0.449099 -0.463224
50 10.1202 0.0765462 -0.701017
51 10.3088 0.64247 -0.40108
52 11.1996 4.09988 -0.519954
53 9.86479 19.704 -0.785237
54 9.46381 18.2207 -0.380753
55 10.186 0.253108 -0.73209
56 9.19831 17.6858 -1.02067
57 10.5289 1.64936 -0.72564
58 9.5455 18.9119 -0.879455
59 9.5498 18.6754 -0.560667
60 9.11183 18.3526 -0.464871
61 9.69444 19.4327 -0.330499
62 11.1652 4.13792 -0.44993
63 9.67168 19.8552 -0.329991
64 11.2645 4.5556 -0.20287
65 9.28285 19.263 -0.582177
66 9.4635 19.0253 -0.865129
67 9.66523 19.8419 -0.382919
68 10.2323 0.221488 -0.445184
69 9.44579 18.7595 -0.543745
70 10.5188 1.94871 -0.187662
71 10.2605 1.08838 -0.889394
72 10.0865 0.0862242 -0.856785
73 11.2994 3.73394 -0.189342
74 11.1918 3.75493 -0.234108
75 10.1066 0.339831 -0.280721
76 10.3258 0.91661 -0.381868
77 9.83221 19.4599 -0.477858
78 9.9049 0.302416 -0.414216
79 9.87154 19.4727 -0.685286
80 9.34702 18.762 -0.581891
81 9.35664 18.5901 -0.616822
82 9.91558 0.107751 -0.744244
83 11.1118 3.02264 -0.555611
84 10.2431 0.112666 -0.656879
85 10.025 0.512777 -0.46957
86 9.74086 0.0283722 -0.79014
87 9.58706 18.7 -0.50012
88 9.4382 18.5883 -0.734455
89 5.69598 14.6709 -3.02825
90 9.52398 18.4097 -0.689152
91 10.1788 0.936169 -0.281102
92 10.9494 2.58387 -0.643124
93 11.5851 4.54291 -0.198432
94 9.53972 19.7485 -0.622186
95 9.69875 19.5163 -0.481808
96 6.11941 13.5841 -2.83474
97 9.6917 0.0810119 -0.402825
98 9.99222 0.35999 -0.722632
99 9.53908 19.4107 -0.71136
