100
Particles
0 10.7635 18.7836 -0.332877
1 10.7106 18.6783 -0.646835
2 10.982 19.3429 -0.649362
3 10.8517 19.8619 -0.686699
4 10.6149 18.1253 -0.431841
5 10.8954 19.5572 -0.937647
6 10.4587 18.6253 -0.394812
7 11.8593 1.85388 -0.265665
8 12.2416 3.05432 -0.273243
9 11.0244 19.8302 -0.710805
10 11.0304 0.490182 -0.342351
11 10.6105 19.264 -0.895958
12 10.4389 18.0989 -0.86069
13 10.3053 17.7381 -0.450952
14 12.0932 3.10601 -0.01397
15 10.1706 17.4914 -0.845058
16 12.1926 3.24464 -0.388118
17 10.9559 19.2907 -0.586379
18 10.1994 17.2202 -0.385436
19 10.4668 18.5289 -0.907843
20 11.2718 0.317955 -0.888961
21 11.2735 0.427337 -0.564159
22 10.995 19.9071 -0.530737
23 11.173 19.8688 -0.649374
24 12.6851 3.84887 -0.490496
25 10.6142 18.1314 -0.860299
26 12.0868 1.78216 -0.233461
27 10.3996 18.1095 -0.797982
28 11.0717 19.8231 -0.459546
29 11.6423 1.34047 -0.447545
30 10.7918 19.1572 -0.474577
31 11.2243 0.298381 -0.50575
32 11.0213 19.6661 -0.867105
33 10.869 19.3785 -0.760587
34 11.082 19.9168 -0.418383
35 10.4931 18.8939 -0.526984
36 10.9587 18.6327 -0.836986
37 11.2055 19.7724 -0.942597
38 11.0072 19.9176 -0.590755
39 10.6152 18.5482 -0.694487
40 10.4902 17.7212 -0.307621
41 10.6771 18.548 -0.90647
42 10.9028 19.8175 -0.530129
43 11.1118 0.596711 -0.397434
44 12.4013 2.53786 -0.246562
45 11.5633 0.721663 -0.352407
46 11.0236 19.26 -0.824182
47 12.3856 3.85554 -0.254627
48 10.6333 18.0722 -0.420202
49 11.1531 19.7881 -0.858428
50 11.1306 19.3706 -0.392296
51 11.3865 0.0427631 -0.435991
52 12.3675 3.7607 0.0729047
53 10.9285 19.0665 -0.63155
54 10.4262 17.4506 -0.786551
55 11.2705 19.6626 -0.392369
56 10.2366 17.0094 -0.513881
57 11.5977 1.02946 -0.419855
58 10.582 18.2349 -0.609967
59 10.5259 17.9185 -0.710862
60 9.95933 17.4406 -0.795697
61 10.6198 18.61 -0.745644
62 12.3479 3.76997 -0.207827
63 10.6405 19.0689 -0.752545
64 12.5004 4.45303 0.0636246
65 10.3125 18.5831 -0.468463
66 10.4653 18.2997 -0.665335
67 10.5957 19.0202 -0.793862
68 11.2791 19.5678 -0.436133
69 10.4253 17.9885 -0.607781
70 11.5567 1.26617 -0.60833
71 11.3431 0.495924 -0.423718
72 11.1375 19.435 -0.53107
73 12.5001 3.46909 -0.329327
74 12.4079 3.5977 0.0725329
75 11.189 19.7203 -0.414981
76 11.2656 0.116319 -0.475488
77 10.7833 18.6781 -0.840911
78 10.9266 19.6121 -0.660333
79 10.875 18.7687 -0.728168
80 10.4209 18.1326 -0.501984
81 10.3362 17.843 -0.416828
82 10.8301 19.279 -0.93412
83 12.2451 2.54714 -0.521045
84 11.2139 19.3627 -0.707009
85 10.9592 19.7 -0.749714
86 10.7376 19.3119 -0.361006
87 10.6761 18.106 -0.293802
88 10.4457 17.8749 -0.592686
89 4.4754 14.8807 2.83891
90 10.5097 17.6932 -0.656118
91 11.1692 0.197896 -0.535391
92 12.1118 2.16433 -0.15099
93 12.7553 4.19759 -0.415165
94 10.6103 19.1356 -0.351258
95 10.6999 18.7812 -0.553162
96 5.054 12.9432 -2.53649
97 10.7274 19.3938 -0.721136
98 11.119 19.8388 -0.640693
99 10.5244 18.6921 -0.94148
