100
Particles
0 11.7811 18.0887 -0.570236
1 11.802 18.103 -0.363005
2 12.0878 18.7944 -0.368318
3 11.8555 19.1481 -0.549032
4 11.5317 17.2833 -0.674552
5 11.878 18.8003 -0.834181
6 11.4913 17.9428 -0.540715
7 12.9526 1.27507 -0.499959
8 13.4617 2.89469 -0.292303
9 12.0548 19.1346 -0.46358
10 12.132 19.9404 -0.312075
11 11.6474 18.606 -0.298575
12 11.379 17.3058 -0.825598
13 11.1939 16.8667 -0.917177
14 13.315 3.05736 0.292677
15 11.1824 16.7768 -0.362516
16 13.4154 3.15647 0.176431
17 12.0145 18.66 -0.355471
18 11.1954 16.5058 -0.84783
19 11.3675 17.6705 -0.662096
20 12.2849 19.6159 -0.296487
21 12.3871 19.9007 -0.294309
22 11.9946 19.1882 -0.293441
23 12.1384 19.1093 -0.574353
24 13.8996 3.74056 0.150756
25 11.5869 17.37 -0.800925
26 13.162 1.16123 -0.638092
27 11.5073 17.543 -0.332347
28 12.1807 19.266 -0.571448
29 12.7252 0.763809 -0.556615
30 11.8759 18.5504 -0.425062
31 12.2863 19.6478 -0.598219
32 12.0074 18.9375 -0.291872
33 11.9843 18.8446 -0.711365
34 12.1623 19.3217 -0.317217
35 11.5457 18.2357 -0.451168
36 11.9175 17.8816 -0.837446
37 12.1511 18.9923 -0.303924
38 12.0402 19.2522 -0.302177
39 11.6283 17.8514 -0.884161
40 11.5573 17.0896 -0.410867
41 11.8053 18.031 -0.312838
42 11.9576 19.1651 -0.443468
43 12.144 19.9004 -0.453192
44 13.6458 2.47009 -0.174988
45 12.6164 0.086019 -0.423669
46 12.132 18.6893 -0.40845
47 13.6245 3.76549 -0.290028
48 11.5366 17.2276 -0.567409
49 12.2293 19.1731 -0.739081
50 12.2068 18.7474 -0.656426
51 12.4318 19.3696 -0.457639
52 13.5851 3.79956 0.0115564
53 12.0304 18.5035 -0.309028
54 11.4728 16.8052 -0.544916
55 12.2595 18.9154 -0.603489
56 11.2675 16.3296 -0.835214
57 12.5833 0.279344 -0.434819
58 11.5616 17.4886 -0.923671
59 11.4598 17.1156 -0.808351
60 10.9324 16.6861 -0.469145
61 11.6315 17.8962 -0.821286
62 13.5773 3.63106 -0.0688533
63 11.631 18.3273 -0.694033
64 13.7397 4.49125 -0.159959
65 11.353 17.9069 -0.416359
66 11.403 17.5122 -0.622278
67 11.613 18.3514 -0.298675
68 12.1397 18.6679 -0.847728
69 11.3541 17.1859 -0.782309
70 12.5568 0.52865 -0.814046
71 12.3817 19.813 -0.604648
72 12.1337 18.7 -0.762163
73 13.7414 3.51289 -0.147336
74 13.6354 3.50061 -0.107411
75 12.2233 19.0375 -0.694199
76 12.2948 19.4401 -0.796227
77 11.8529 18.0592 -0.28831
78 11.9816 18.9914 -0.285827
79 11.8499 18.0214 -0.7381
80 11.5345 17.577 -0.590213
81 11.3472 17.1594 -0.673649
82 11.8489 18.5615 -0.533014
83 13.4395 2.29885 -0.303682
84 12.266 18.7169 -0.484742
85 11.9377 18.9569 -0.844418
86 11.7072 18.5395 -0.590524
87 11.6866 17.3985 -0.734945
88 11.5255 17.2913 -0.442084
89 3.26901 15.1347 3.155
90 11.5748 17.0561 -0.450546
91 12.1647 19.4701 -0.705348
92 13.3086 1.83542 -0.227694
93 13.9927 4.15478 0.149872
94 11.5409 18.3289 -0.392208
95 11.7175 18.0866 -0.388969
96 3.94164 12.3849 -2.69426
97 11.7654 18.721 -0.667886
98 12.1326 19.1462 -0.783408
99 11.5473 17.9988 -0.542326
