100
Particles
0 12.8107 17.4097 -0.637073
1 12.7509 17.2956 -0.585373
2 13.1869 18.2094 -0.393517
3 12.952 18.608 -0.272361
4 12.5476 16.6029 -0.329109
5 12.86 18.0619 -0.492341
6 12.4463 17.1489 -0.743283
7 13.9392 0.525581 -0.571546
8 14.6875 2.73674 -0.212501
9 13.0887 18.4658 -0.281481
10 13.2058 19.3544 -0.69781
11 12.7158 17.9731 -0.538096
12 12.4226 16.6618 -0.388315
13 12.2501 16.2515 -0.529042
14 14.5385 3.06481 0.21345
15 12.0638 15.9017 -0.941364
16 14.6405 2.93615 -0.252966
17 13.0332 17.9625 -0.649095
18 12.1813 15.7551 -0.671148
19 12.3908 16.9582 -0.510566
20 13.3141 18.9391 -0.790779
21 13.4583 19.2794 -0.528953
22 13.1247 18.7106 -0.742983
23 13.2161 18.4999 -0.469793
24 15.1425 3.7789 -0.0336168
25 12.6296 16.7103 -0.370652
26 14.2953 0.673959 -0.31379
27 12.5409 16.8764 -0.463134
28 13.3314 18.8086 -0.408443
29 13.8245 0.182977 -0.348123
30 12.9397 17.9644 -0.323694
31 13.3451 19.0269 -0.631921
32 13.0124 18.2224 -0.5689
33 13.1055 18.3083 -0.290235
34 13.1607 18.5874 -0.401715
35 12.611 17.6127 -0.502124
36 12.9552 17.1968 -0.560486
37 13.2292 18.4064 -0.358402
38 12.9898 18.4489 -0.828471
39 12.6238 17.1184 -0.843882
40 12.5159 16.3384 -0.509123
41 12.843 17.3534 -0.619085
42 12.9987 18.5281 -0.717798
43 13.1979 19.264 -0.324712
44 14.8727 2.39303 0.115677
45 13.6599 19.4261 -0.288769
46 13.1639 18.0439 -0.314084
47 14.8607 3.88954 0.0686749
48 12.5586 16.5439 -0.556123
49 13.2368 18.4517 -0.614442
50 13.1466 17.9373 -0.827317
51 13.5233 18.8161 -0.252232
52 14.8152 3.95002 -0.10631
53 13.117 17.9192 -0.562994
54 12.494 16.1076 -0.862634
55 13.2326 18.1522 -0.857443
56 12.2327 15.5424 -0.552646
57 13.601 19.5716 -0.824556
58 12.6352 16.8811 -0.632035
59 12.4476 16.3586 -0.710958
60 12.0001 16.0555 -0.501145
61 12.5839 17.1127 -0.513298
62 14.8174 3.69766 -0.018902
63 12.5596 17.5127 -0.800442
64 14.9558 4.53907 0.374227
65 12.3405 17.1687 -0.822617
66 12.4086 16.8025 -0.613919
67 12.6013 17.6066 -0.451824
68 13.2613 18.1518 -0.296502
69 12.3257 16.4432 -0.883056
70 13.6293 19.924 -0.55572
71 13.4464 19.1928 -0.538319
72 13.2358 18.1493 -0.319798
73 14.969 3.39092 0.0464351
74 14.8594 3.46487 0.228911
75 13.3859 18.5918 -0.269805
76 13.3503 18.7928 -0.526847
77 12.844 17.3405 -0.878314
78 13.0142 18.3525 -0.560121
79 12.8953 17.3875 -0.825561
80 12.4282 16.7395 -0.353727
81 12.4249 16.551 -0.349241
82 12.9332 17.962 -0.581009
83 14.6668 2.25891 -0.128264
84 13.2752 17.9967 -0.808379
85 13.002 18.3224 -0.458931
86 12.72 17.8164 -0.642419
87 12.8396 16.9205 -0.395431
88 12.4929 16.5336 -0.862655
89 2.0613 15.4354 2.97344
90 12.6304 16.4333 -0.909134
91 13.2218 18.8555 -0.289357
92 14.524 1.62985 0.0668886
93 15.2243 4.15943 0.135329
94 12.5546 17.6204 -0.491246
95 12.7919 17.4996 -0.461843
96 2.83647 11.853 -3.02543
97 12.8531 18.1462 -0.53643
98 13.2531 18.5977 -0.510959
99 12.5177 17.2596 -0.850677
