100
Particles
0 13.882 16.7948 -0.652038
1 13.8509 16.7541 -0.371147
2 14.1874 17.4773 -0.589572
3 14.081 18.0829 -0.455879
4 13.5587 15.8878 -0.573834
5 13.8603 17.3794 -0.728348
6 13.5221 16.5502 -0.418265
7 15.0783 0.035132 -0.37262
8 15.9134 2.92608 0.267503
9 14.1995 17.9174 -0.420595
10 14.2611 18.7225 -0.462957
11 13.8504 17.4897 -0.684547
12 13.5038 16.0909 -0.454476
13 13.2484 15.5182 -0.858678
14 15.7668 3.01923 -0.160697
15 13.174 15.3371 -0.394384
16 15.8793 2.9823 0.0519497
17 14.1317 17.4328 -0.176139
18 13.23 15.1031 -0.526624
19 13.3573 16.2029 -0.74899
20 14.4039 18.3492 -0.704494
21 14.599 18.8302 -0.220943
22 14.1306 17.9825 -0.553353
23 14.2798 17.9072 -0.737326
24 16.3849 3.73612 0.0785916
25 13.5393 15.8779 -0.779137
26 15.3984 0.107169 -0.402581
27 13.5068 16.1197 -0.765837
28 14.3802 18.1474 -0.531074
29 14.9441 19.6448 -0.347082
30 13.9652 17.2963 -0.386423
31 14.4241 18.446 -0.534848
32 14.0578 17.5586 -0.600026
33 14.2584 17.851 -0.219997
34 14.2741 18.0413 -0.532727
35 13.672 17.0056 -0.724399
36 14.0421 16.6048 -0.493769
37 14.3026 17.8018 -0.638653
38 14.0212 17.7501 -0.652278
39 13.7387 16.566 -0.585457
40 13.5165 15.6359 -0.455395
41 13.8688 16.6834 -0.731451
42 14.116 17.9833 -0.397675
43 14.2692 18.6592 -0.179088
44 16.1001 2.57966 0.309787
45 14.8308 19.003 -0.333955
46 14.23 17.4476 -0.777551
47 16.0999 3.81628 -0.143142
48 13.5914 15.8578 -0.476014
49 14.2741 17.7668 -0.500168
50 14.1447 17.2259 -0.639687
51 14.5971 18.2118 -0.475663
52 16.0092 4.16223 -0.0955131
53 14.2091 17.3692 -0.652028
54 13.5303 15.4927 -0.265889
55 14.3538 17.6387 -0.478433
56 13.2235 14.8489 -0.468516
57 14.7403 19.0961 -0.493454
58 13.6636 16.2292 -0.29329
59 13.5057 15.7081 -0.508399
60 12.8731 15.1728 -0.636458
61 13.717 16.5895 -0.451426
62 16.0495 3.8217 0.0394934
63 13.6644 16.9435 -0.421986
64 16.1965 4.584 0.1484
65 13.4085 16.5558 -0.245199
66 13.5107 16.2604 -0.20395
67 13.7078 17.0869 -0.229189
68 14.3959 17.6659 -0.235307
69 13.3177 15.696 -0.573762
70 14.76 19.4158 -0.367897
71 14.4824 18.5178 -0.439194
72 14.342 17.642 -0.273917
73 16.1929 3.49328 0.123558
74 16.0935 3.54871 -0.126023
75 14.461 17.9696 -0.456711
76 14.3902 18.1295 -0.778703
77 13.881 16.6778 -0.581032
78 13.9976 17.5867 -0.732357
79 13.9478 16.7202 -0.575471
80 13.4766 16.1281 -0.403893
81 13.4431 15.8475 -0.836832
82 13.9499 17.2522 -0.693462
83 15.9112 2.19227 -0.0489807
84 14.2994 17.3298 -0.627322
85 14.0427 17.6498 -0.630803
86 13.8139 17.2236 -0.625372
87 13.8459 16.2282 -0.786582
88 13.5232 15.886 -0.295867
89 0.883037 15.7164 2.51837
90 13.6449 15.7164 -0.545724
91 14.2943 18.2527 -0.533762
92 15.7616 1.64551 0.172182
93 16.4469 4.15999 -0.014762
94 13.5935 16.9825 -0.232932
95 13.8197 16.8238 -0.309714
96 1.61563 11.6505 -3.2179
97 13.894 17.4881 -0.705008
98 14.2159 17.8201 -0.68272
99 13.6379 16.725 -0.527806
