100
Particles
0 14.8592 16.0405 -0.787888
1 14.9259 16.1708 -0.40042
2 15.2866 16.9209 -0.421389
3 15.2572 17.6847 -0.520206
4 14.5741 15.2124 -0.812153
5 14.8471 16.6327 -0.721331
6 14.5334 15.8586 -0.467091
7 16.0759 19.2982 -0.531225
8 17.1221 2.9623 -0.145077
9 15.2569 17.259 -0.661604
10 15.3564 18.1684 -0.680285
11 14.9816 17.021 -0.339338
12 14.5711 15.4732 -0.382852
13 14.3275 14.923 -0.809281
14 16.9829 3.27973 0.172807
15 14.1823 14.633 -0.838946
16 17.106 3.19237 0.251042
17 15.1842 16.8035 -0.718973
18 14.0947 14.2087 -0.857565
19 14.3975 15.5396 -0.592177
20 15.5217 17.8005 -0.538054
21 15.6936 18.2709 -0.188804
22 15.1503 17.2614 -0.619918
23 15.3641 17.3537 -0.222203
24 17.6148 3.79129 0.130607
25 14.6311 15.3008 -0.630465
26 16.3655 19.325 -0.800536
27 14.5563 15.4859 -0.801504
28 15.5416 17.6924 -0.443654
29 15.9948 18.992 -0.396166
30 15.068 16.7495 -0.294757
31 15.5566 17.9726 -0.30149
32 15.1404 16.9574 -0.323913
33 15.3959 17.3656 -0.415067
34 15.3306 17.3993 -0.734819
35 14.7558 16.3946 -0.47764
36 14.9729 15.7792 -0.566839
37 15.3567 17.1679 -0.784411
38 15.1111 17.1957 -0.559352
39 14.7502 15.8804 -0.411246
40 14.5687 14.9889 -0.581371
41 14.9153 16.0374 -0.848117
42 15.2133 17.4314 -0.665166
43 15.4137 18.2144 -0.228053
44 17.3318 2.73971 0.231938
45 15.8792 18.3579 -0.775807
46 15.1987 16.6644 -0.804704
47 17.3346 3.86342 0.0963671
48 14.6829 15.2641 -0.628506
49 15.3193 17.0954 -0.477683
50 15.1771 16.5555 -0.728139
51 15.6552 17.5739 -0.799148
52 17.2428 4.04743 0.0113257
53 15.3291 16.8567 -0.534178
54 14.6554 14.95 -0.407196
55 15.3271 16.861 -0.533129
56 14.3339 14.3184 -0.589952
57 15.8228 18.4934 -0.272728
58 14.8117 15.747 -0.277614
59 14.5144 15.0181 -0.412827
60 13.9623 14.5937 -0.300582
61 14.828 16.0419 -0.340567
62 17.2908 3.85017 -0.0141406
63 14.7242 16.3335 -0.484164
64 17.4282 4.41863 -0.0390437
65 14.4884 15.9333 -0.426492
66 14.5071 15.5189 -0.760734
67 14.7357 16.4218 -0.674177
68 15.4219 16.9706 -0.755722
69 14.2496 14.8702 -0.811525
70 15.848 18.868 -0.574726
71 15.63 18.031 -0.431962
72 15.3997 16.9805 -0.535731
73 17.4196 3.504 -0.0713157
74 17.3064 3.59462 0.393759
75 15.4993 17.3192 -0.752661
76 15.4924 17.5846 -0.431668
77 14.9899 16.1499 -0.761106
78 15.0791 16.9826 -0.551268
79 14.9725 16.0445 -0.406242
80 14.4494 15.3965 -0.457697
81 14.4523 15.1415 -0.7029
82 15.0304 16.6719 -0.383254
83 17.1327 2.34366 0.284722
84 15.378 16.7233 -0.650303
85 15.0912 17.014 -0.29557
86 14.8913 16.6327 -0.814287
87 14.9587 15.7015 -0.245114
88 14.4772 15.1127 -0.727661
89 19.9713 16.5622 2.53491
90 14.6453 14.993 -0.502708
91 15.4313 17.7936 -0.764789
92 16.9866 1.77535 -0.113714
93 17.6688 4.0573 -0.175535
94 14.6125 16.2782 -0.5572
95 14.8008 16.0638 -0.802025
96 0.408332 11.8694 3.13709
97 14.9797 16.8893 -0.614917
98 15.2847 17.2468 -0.342615
99 14.7284 16.1335 -0.381685
