100
Particles
0 15.832 15.2757 -0.415562
1 16.0081 15.5867 -0.696192
2 16.3079 16.2415 -0.667064
3 16.3001 17.0168 -0.661126
4 15.6726 14.6266 -0.645809
5 15.9206 16.0102 -0.368314
6 15.5257 15.1418 -0.66993
7 17.1771 18.7547 -0.118175
8 18.3642 2.98057 0.0867546
9 16.3781 16.731 -0.323695
10 16.418 17.5517 -0.504754
11 16.028 16.3729 -0.688938
12 15.7001 14.9495 -0.302752
13 15.3702 14.2537 -0.378405
14 18.2207 3.24258 -0.0691024
15 15.1457 13.8654 -0.743802
16 18.339 3.10012 -0.253577
17 16.1243 16.0005 -0.79985
18 15.0786 13.4599 -0.539676
19 15.4238 14.8745 -0.784656
20 16.5581 17.1247 -0.379261
21 16.6536 17.5144 -0.739627
22 16.3044 16.8138 -0.365723
23 16.3853 16.6781 -0.809038
24 18.8388 3.82404 -0.24831
25 15.6535 14.6239 -0.718118
26 17.5512 18.9595 -0.352835
27 15.5847 14.8326 -0.73768
28 16.6227 17.1034 -0.304123
29 17.1727 18.609 -0.514302
30 16.1234 16.131 -0.270471
31 16.6341 17.3978 -0.427863
32 16.2424 16.4106 -0.358618
33 16.4636 16.7517 -0.40852
34 16.3997 16.7861 -0.454906
35 15.8685 15.835 -0.598875
36 15.9819 15.0532 -0.670902
37 16.4702 16.6262 -0.203989
38 16.1771 16.5633 -0.606749
39 15.7599 15.1562 -0.513626
40 15.6288 14.3404 -0.398143
41 16.0303 15.5344 -0.308668
42 16.3071 16.8788 -0.27876
43 16.4181 17.5116 -0.654597
44 18.5479 2.698 0.188988
45 17.0242 17.8678 -0.523483
46 16.2775 16.0612 -0.26348
47 18.5439 4.05853 -0.21591
48 15.8006 14.7619 -0.378318
49 16.4787 16.6412 -0.443863
50 16.2663 15.976 -0.355758
51 16.647 16.8266 -0.748006
52 18.4769 4.13013 0.0142717
53 16.3969 16.2766 -0.346531
54 15.7565 14.3657 -0.408369
55 16.3766 16.2027 -0.620611
56 15.3837 13.6553 -0.417692
57 16.8595 17.8362 -0.501584
58 15.9334 15.2233 -0.382541
59 15.5273 14.3375 -0.34716
60 14.9934 13.8987 -0.734243
61 15.8799 15.3903 -0.725146
62 18.5155 3.99221 0.0975616
63 15.8665 15.8438 -0.548896
64 18.6556 4.55447 -0.135495
65 15.6389 15.4949 -0.220509
66 15.5666 14.8887 -0.568326
67 15.8375 15.8675 -0.410361
68 16.3967 16.2047 -0.434667
69 15.2845 14.2119 -0.249376
70 16.9184 18.2559 -0.589661
71 16.698 17.4118 -0.531192
72 16.4175 16.269 -0.670322
73 18.6585 3.49581 -0.225453
74 18.5398 3.57049 -0.118886
75 16.5939 16.7444 -0.535264
76 16.6109 17.0729 -0.205192
77 16.0783 15.5792 -0.290935
78 16.1895 16.4515 -0.242481
79 16.0603 15.4551 -0.503431
80 15.5981 14.932 -0.305915
81 15.4871 14.4892 -0.750367
82 16.07 16.0103 -0.328078
83 18.3715 2.31205 -0.0369944
84 16.5088 16.2173 -0.43111
85 16.1945 16.472 -0.195244
86 16.0636 16.2246 -0.190995
87 16.0753 15.1746 -0.278411
88 15.3992 14.277 -0.714478
89 18.9372 17.2499 2.61084
90 15.634 14.2784 -0.402089
91 16.6295 17.4441 -0.383272
92 18.2143 1.8261 -0.138271
93 18.8902 4.07858 -0.183018
94 15.7003 15.7269 -0.299309
95 15.8215 15.376 -0.665751
96 19.1903 11.6854 -2.70926
97 15.9963 16.1841 -0.654998
98 16.3318 16.5767 -0.695753
99 15.7711 15.497 -0.329456
