100
Particles
0 16.9894 14.8161 -0.269385
1 17.0892 14.9961 -0.609467
2 17.4396 15.7329 -0.265197
3 17.4521 16.5936 -0.312777
4 16.6862 13.9445 -0.25534
5 17.0157 15.4716 -0.75357
6 16.6546 14.6248 -0.386835
7 18.2571 18.1411 -0.68076
8 19.5628 2.67903 0.0347115
9 17.5047 16.2084 -0.541471
10 17.495 16.9588 -0.338368
11 17.1691 15.8853 -0.571713
12 16.7689 14.3201 -0.430856
13 16.4404 13.651 -0.808786
14 19.4495 3.23232 -0.107073
15 16.2973 13.4 -0.27917
16 19.5692 3.04378 0.116916
17 17.2581 15.5126 -0.263818
18 16.111 12.8029 -0.690634
19 16.5175 14.3436 -0.806182
20 17.7351 16.7186 -0.23012
21 17.778 17.0242 -0.344487
22 17.381 16.2259 -0.405584
23 17.5062 16.1921 -0.597544
24 0.0750561 3.86016 -0.226483
25 16.7109 13.9815 -0.724751
26 18.6808 18.4555 -0.439773
27 16.5586 14.0932 -0.801627
28 17.7377 16.5806 -0.244358
29 18.3052 18.0976 -0.321077
30 17.1986 15.5063 -0.692083
31 17.741 16.8525 -0.546087
32 17.4406 16.0791 -0.44949
33 17.5246 16.1015 -0.655705
34 17.5584 16.3362 -0.313967
35 16.9395 15.2227 -0.475888
36 17.0695 14.4913 -0.815014
37 17.6811 16.3251 -0.15227
38 17.1936 15.8518 -0.651941
39 16.7631 14.4192 -0.582669
40 16.6802 13.676 -0.714672
41 17.1033 14.9174 -0.554787
42 17.379 16.2936 -0.298988
43 17.5052 16.9429 -0.56592
44 19.728 2.30439 -0.448863
45 18.1543 17.4171 -0.205237
46 17.3173 15.4216 -0.673885
47 19.7857 4.13781 -0.11337
48 16.9028 14.2037 -0.700712
49 17.5901 16.0922 -0.414497
50 17.3507 15.3878 -0.778425
51 17.6973 16.1627 -0.512165
52 19.7095 4.154 0.224656
53 17.483 15.7061 -0.423381
54 16.8229 13.7348 -0.473477
55 17.4846 15.6727 -0.201297
56 16.4223 12.9918 -0.570411
57 17.993 17.3186 -0.443078
58 16.9987 14.6053 -0.567242
59 16.5874 13.7153 -0.271666
60 16.0226 13.2136 -0.771976
61 16.9428 14.756 -0.477934
62 19.7491 4.09199 -0.122617
63 16.9511 15.2657 -0.751806
64 19.9016 4.53645 0.0607169
65 16.6931 14.8666 -0.459862
66 16.6049 14.2164 -0.592616
67 16.9613 15.3707 -0.212412
68 17.4906 15.6221 -0.483278
69 16.3732 13.634 -0.560147
70 18.0169 17.6896 -0.73844
71 17.8579 16.9897 -0.6318
72 17.5698 15.8169 -0.261683
73 19.8863 3.33997 -0.228454
74 19.7588 3.53595 0.0708325
75 17.6872 16.1983 -0.397067
76 17.7746 16.6371 -0.313935
77 17.1743 14.9982 -0.529573
78 17.2575 15.8442 -0.657107
79 17.1949 14.9729 -0.547205
80 16.6945 14.3741 -0.358331
81 16.4964 13.7824 -0.337976
82 17.0783 15.3116 -0.73891
83 19.5865 2.06862 -0.174562
84 17.5963 15.6288 -0.405705
85 17.3484 16.0464 -0.144412
86 17.1113 15.5797 -0.636943
87 17.0814 14.4652 -0.32197
88 16.484 13.6757 -0.376383
89 18.8728 17.6554 -0.186877
90 16.7025 13.6546 -0.616172
91 17.6627 16.7546 -0.694137
92 19.4088 1.53831 -0.236146
93 0.112834 3.92729 -0.225744
94 16.8014 15.1778 -0.38834
95 16.9102 14.8035 -0.791061
96 17.9616 11.4797 -2.90809
97 16.9956 15.4558 -0.753273
98 17.3511 15.8723 -0.544601
99 16.8762 14.9557 -0.213853
