100
Particles
0 18.1009 14.2632 -0.458237
1 18.2128 14.5204 -0.221223
2 18.4959 15.0808 -0.34311
3 18.5943 16.1326 -0.3664
4 17.8351 13.4665 -0.498402
5 18.0977 14.8613 -0.309226
6 17.7858 14.1409 -0.688681
7 19.2409 17.3739 -0.643017
8 0.794224 2.56177 0.021275
9 18.6082 15.6353 -0.295956
10 18.5252 16.2708 -0.35302
11 18.2685 15.3435 -0.35347
12 17.8988 13.816 -0.608458
13 17.579 13.162 -0.5923
14 0.649961 2.90027 -0.233479
15 17.2174 12.5564 -0.676705
16 0.793962 2.82338 -0.0871559
17 18.416 15.0606 -0.544127
18 17.2507 12.2934 -0.478089
19 17.5431 13.6507 -0.497735
20 18.8029 16.105 -0.617997
21 18.8474 16.4261 -0.606121
22 18.5037 15.7289 -0.225964
23 18.6475 15.7546 -0.351411
24 1.30558 3.7742 -0.142553
25 17.746 13.3083 -0.720266
26 19.7593 17.8534 -0.658132
27 17.729 13.6688 -0.303961
28 18.822 15.9643 -0.530122
29 19.421 17.5779 -0.749787
30 18.2385 14.8677 -0.64085
31 18.8696 16.3661 -0.662577
32 18.5237 15.5037 -0.613111
33 18.5999 15.5289 -0.230542
34 18.622 15.7293 -0.694647
35 18.0142 14.6007 -0.447031
36 18.2064 13.9983 -0.409375
37 18.8472 15.8974 -0.516143
38 18.3333 15.3642 -0.358167
39 17.9237 14.0104 -0.150836
40 17.7948 13.136 -0.569668
41 18.2342 14.4535 -0.201619
42 18.5297 15.8442 -0.52307
43 18.5455 16.2646 -0.611797
44 0.905288 1.9242 -0.163173
45 19.2368 16.8383 -0.626457
46 18.3756 14.7971 -0.367258
47 1.03191 4.16187 0.00886617
48 17.9501 13.5646 -0.655654
49 18.73 15.6333 -0.707528
50 18.4832 14.9152 -0.263384
51 18.6989 15.4269 -0.578861
52 0.91181 3.88393 -0.261652
53 18.5125 15.0272 -0.427755
54 17.8481 13.0628 -0.325847
55 18.5933 15.1436 -0.474715
56 17.5448 12.4565 -0.53863
57 19.0569 16.6842 -0.648179
58 18.1021 14.0756 -0.259931
59 17.6008 13.013 -0.389941
60 17.0973 12.6203 -0.809839
61 18.0885 14.2856 -0.59121
62 0.961079 3.87381 -0.0256631
63 18.1097 14.8471 -0.251258
64 1.10423 4.25065 -0.209643
65 17.7793 14.2868 -0.493153
66 17.5644 13.4326 -0.617339
67 18.1028 14.9132 -0.177482
68 18.5714 15.0361 -0.705681
69 17.3882 12.9309 -0.348364
70 19.0815 17.0741 -0.190471
71 19.0015 16.5388 -0.456243
72 18.6991 15.3045 -0.336608
73 1.10397 3.10024 -0.267879
74 0.977842 3.43135 -0.310829
75 18.7424 15.5399 -0.523162
76 18.825 15.9671 -0.411476
77 18.3169 14.5264 -0.327437
78 18.3474 15.2695 -0.586405
79 18.3408 14.5194 -0.215279
80 17.6625 13.6134 -0.687885
81 17.4915 13.0505 -0.814575
82 18.1292 14.6654 -0.468646
83 0.818096 1.92525 -0.0882941
84 18.6596 15.0407 -0.667546
85 18.4417 15.5047 -0.156459
86 18.2341 15.0583 -0.440145
87 18.0383 13.6663 -0.726959
88 17.4642 12.925 -0.607878
89 19.9347 17.0106 -0.448599
90 17.7254 12.9466 -0.487303
91 18.6547 16.0197 -0.757915
92 0.596155 1.17352 -0.151946
93 1.30008 3.59767 -0.424776
94 17.9752 14.7745 -0.180499
95 17.9873 14.2113 -0.282975
96 17.0836 11.1559 -1.82345
97 18.1568 15.004 -0.251799
98 18.4454 15.337 -0.169974
99 18.0017 14.4352 -0.409233
