100
Particles
0 19.1383 13.5934 -0.660068
1 19.3478 14.0702 -0.448599
2 19.5838 14.4991 -0.228889
3 19.6078 15.4098 -0.532709
4 18.9517 12.9474 -0.730173
5 19.1862 14.295 -0.753657
6 18.9261 13.6674 -0.455691
7 0.368392 16.862 -0.303617
8 1.99303 2.35101 -0.499364
9 19.6771 15.0282 -0.540895
10 19.658 15.7923 -0.4242
11 19.3773 14.809 -0.555059
12 18.9215 13.1461 -0.720101
13 18.5602 12.4087 -0.640405
14 1.85485 2.6131 -0.428851
15 18.2037 11.814 -0.672491
16 1.98675 2.49744 -0.500112
17 19.4849 14.4384 -0.707008
18 18.2771 11.6125 -0.371363
19 18.6544 13.1001 -0.3037
20 19.9452 15.6721 -0.22825
21 19.968 15.9201 -0.766059
22 19.5357 15.04 -0.450257
23 19.7635 15.2046 -0.539372
24 2.52149 3.51691 -0.120037
25 18.8899 12.827 -0.577337
26 0.931723 17.4481 -0.473477
27 18.9422 13.37 -0.217537
28 0.00113211 15.5651 -0.381019
29 0.445441 16.8936 -0.67376
30 19.2779 14.2061 -0.393159
31 19.9803 15.828 -0.179459
32 19.6454 14.9837 -0.589489
33 19.6659 14.8951 -0.700015
34 19.7353 15.2213 -0.720411
35 19.1562 14.1642 -0.762785
36 19.3138 13.4493 -0.497626
37 0.0190183 15.4895 -0.153891
38 19.4665 14.8923 -0.149038
39 19.0282 13.46 -0.367422
40 18.9013 12.6078 -0.207646
41 19.2549 13.7434 -0.44534
42 19.568 15.1798 -0.729493
43 19.6179 15.6515 -0.722724
44 2.13756 1.82127 0.143189
45 0.279436 16.1783 -0.565853
46 19.4518 14.1853 -0.768764
47 2.27317 4.14364 -0.157024
48 18.9965 12.9255 -0.748378
49 19.8327 15.0504 -0.567143
50 19.6436 14.4805 -0.315966
51 19.8265 14.9133 -0.278564
52 2.11587 3.6468 -0.0869534
53 19.6488 14.5364 -0.543823
54 18.8217 12.3105 -0.422613
55 19.6595 14.5109 -0.343867
56 18.5563 11.7628 -0.878802
57 0.201006 16.2067 -0.246202
58 19.2326 13.6046 -0.176807
59 18.5909 12.2624 -0.799004
60 18.0742 11.8502 -0.774536
61 19.2101 13.8083 -0.61167
62 2.18942 3.79509 -0.0509139
63 19.1995 14.2687 -0.279627
64 2.32419 4.10559 -0.1073
65 18.8244 13.6423 -0.428152
66 18.7062 12.9841 -0.404435
67 19.0763 14.135 -0.804505
68 19.6211 14.4373 -0.793597
69 18.4854 12.3772 -0.326813
70 0.0531337 16.2965 -0.597363
71 0.046105 15.8971 -0.262793
72 19.7566 14.6619 -0.775003
73 2.31418 2.88645 -0.00112222
74 2.19571 3.27758 -0.381666
75 19.7576 14.8242 -0.539279
76 19.8298 15.2463 -0.597565
77 19.3972 13.9591 -0.788345
78 19.4606 14.7396 -0.655239
79 19.4267 13.953 -0.535497
80 18.7586 13.0339 -0.446468
81 18.5378 12.4081 -0.715586
82 19.1848 14.053 -0.754716
83 2.03446 1.7239 -0.018728
84 19.7286 14.4722 -0.261828
85 19.6199 15.0976 -0.350286
86 19.3649 14.5827 -0.442652
87 19.0366 12.9188 -0.65424
88 18.5279 12.3027 -0.352781
89 1.08535 16.5393 -0.339839
90 18.8136 12.3581 -0.765196
91 19.6997 15.3599 -0.587827
92 1.832 1.0532 -0.277999
93 2.51559 3.34215 -0.121856
94 19.1755 14.4571 -0.21753
95 19.0701 13.6526 -0.706732
96 16.6775 9.98627 -1.69909
97 19.2169 14.3663 -0.625783
98 19.5266 14.7228 -0.459927
99 19.2097 14.1276 -0.336004
