100
Particles
0 8.83506 19.8425 -0.0510025
1 8.85063 19.6574 -0.187563
2 8.8707 0.215347 -0.0780889
3 8.83164 19.943 -0.242641
4 8.83521 19.3496 -0.291753
5 8.82802 19.6109 -0.110402
6 8.84925 19.6757 -0.0307606
7 8.87889 0.0415859 0.124625
8 8.84701 19.7202 0.10654
9 8.83602 19.8695 0.115041
10 8.84134 19.9584 0.0546772
11 8.89352 0.40086 -0.0950971
12 8.84647 19.9078 -0.148809
13 8.87433 19.7631 -0.0409711
14 8.80428 0.0443406 -0.295602
15 8.80238 19.8712 0.13355
16 8.87067 0.594226 0.24194
17 8.84595 19.8574 -0.123496
18 8.83044 19.716 0.0754081
19 8.85336 0.17793 0.112399
20 8.87399 0.0529711 -0.205912
21 8.84292 19.4602 -0.324121
22 8.83944 19.7401 -0.21523
23 8.83945 0.0954278 0.292133
24 8.87338 0.189973 0.113265
25 8.83018 19.253 -0.00514422
26 8.85902 19.533 -0.299061
27 8.82671 0.0559619 0.271186
28 8.84187 19.8988 -0.17262
29 8.88833 19.9129 0.0417139
30 8.87043 19.8912 -0.190631
31 8.81625 19.7132 -0.291261
32 8.8426 19.8902 -0.329497
33 8.85152 19.7368 0.151498
34 8.8287 19.8114 0.0706867
35 8.81436 19.9272 -0.211832
36 8.83164 19.5561 -0.163253
37 8.85158 19.7855 0.0606887
38 8.82979 19.9902 0.252501
39 8.81357 19.6895 0.203005
40 8.82754 19.4832 -0.24298
41 8.8621 19.2464 -0.160475
42 8.86263 0.181642 -0.247734
43 8.87859 0.043654 -0.0770248
44 8.84015 0.103371 0.029304
45 8.89318 0.0139057 0.00470966
46 8.84965 19.1003 -0.0832376
47 8.89651 0.271712 -0.297734
48 8.86657 0.0137364 -0.05358
49 8.85821 0.100755 0.0396942
50 8.85863 19.7455 -0.230622
51 8.85429 19.5617 -0.175169
52 8.87075 0.297171 0.0458059
53 8.82687 19.7769 -0.123862
54 8.85443 19.417 -0.292726
55 8.88453 0.0786553 -0.262551
56 8.89838 19.7907 -0.217865
57 8.83852 19.9414 0.296569
58 8.85371 19.6821 0.0368072
59 8.82614 19.3118 -0.144889
60 8.8543 0.216114 0.281322
61 8.85951 19.8392 0.153379
62 8.83278 0.607752 0.259336
63 8.85965 19.9248 0.23072
64 8.8156 0.416291 0.0296732
65 8.81493 19.8073 -0.20745
66 8.87928 19.6514 -0.197924
67 8.83143 0.732192 0.249311
68 8.85471 19.6157 0.23816
69 8.86007 19.6137 0.0689607
70 8.87018 0.196033 -0.251278
71 8.86954 0.264129 0.291885
72 8.86198 19.8886 -0.235965
73 8.86448 19.9223 -0.264624
74 8.84123 19.8837 -0.0416951
75 8.836 19.8413 -0.186783
76 8.89215 19.9053 -0.14386
77 8.81404 19.3717 0.120811
78 8.86006 0.139317 -0.125671
79 8.86226 19.8225 -0.133078
80 8.85219 19.7271 -0.215325
81 8.86225 19.6807 -0.207216
82 8.85326 19.7418 -0.15241
83 8.87049 0.47406 0.280288
84 8.8404 19.5371 0.23588
85 8.8629 19.804 0.22039
86 8.832 0.199088 0.0955149
87 8.81325 19.6696 -0.0453555
88 8.85002 19.5514 0.116499
89 8.8564 19.5353 0.223841
90 8.83879 19.5867 -0.150143
91 8.85306 19.8225 -0.040242
92 8.8723 19.8674 -0.258188
93 8.84427 0.285321 0.102788
94 8.82738 19.8423 -0.0638536
95 8.82598 19.5263 -0.131469
96 8.87645 19.584 -0.269006
97 8.82253 19.9809 0.273585
98 8.84478 19.8249 -0.155446
99 8.83626 19.9118 0.190974
