100
Particles
0 0.210583 13.0046 -0.687943
1 0.418692 13.4545 -0.391954
2 0.735019 14.0458 -0.25131
3 0.766763 14.9482 -0.433184
4 0.0596551 12.4104 -0.405472
5 0.304758 13.7634 -0.337422
6 0.0495673 13.1645 -0.326646
7 1.48657 16.348 -0.465686
8 3.14443 1.89323 -0.53484
9 0.738275 14.4065 -0.741309
10 0.759959 15.2391 -0.38892
11 0.504455 14.3161 -0.693497
12 19.932 12.4277 -0.681546
13 19.5803 11.7234 -0.430636
14 3.03643 2.25775 -0.482572
15 19.3131 11.2463 -0.553816
16 3.14354 2.08044 -0.0979904
17 0.509315 13.7324 -0.539813
18 19.2313 10.8111 -0.652684
19 19.6826 12.4248 -0.693876
20 0.963474 14.9668 -0.517709
21 1.02548 15.2839 -0.614261
22 0.59496 14.3942 -0.650219
23 0.802367 14.5323 -0.703983
24 3.68308 3.11663 -0.247393
25 19.8348 12.0162 -0.81678
26 1.99598 16.8177 -0.550008
27 19.9921 12.7308 -0.549952
28 1.07169 14.945 -0.725905
29 1.6075 16.4698 -0.302012
30 0.339865 13.6017 -0.745842
31 1.08147 15.2926 -0.322133
32 0.693118 14.3419 -0.285719
33 0.703598 14.2155 -0.683876
34 0.773792 14.5462 -0.617841
35 0.245371 13.5978 -0.322961
36 0.303898 12.702 -0.853095
37 1.06209 14.8343 -0.626792
38 0.596395 14.3818 -0.473212
39 0.164753 12.9725 -0.308524
40 19.9846 12.03 -0.848162
41 0.336096 13.1577 -0.384424
42 0.702374 14.7018 -0.265375
43 0.721645 15.1206 -0.59144
44 3.29904 1.4109 -0.632987
45 1.47088 15.8378 -0.191381
46 0.512786 13.5785 -0.677823
47 3.43553 3.72625 -0.267399
48 0.0216813 12.2406 -0.870381
49 0.825799 14.3045 -0.704582
50 0.575487 13.654 -0.799741
51 0.937106 14.3936 -0.349433
52 3.32676 3.40823 -0.250911
53 0.695012 13.8867 -0.342973
54 19.8809 11.669 -0.518367
55 0.737957 13.8977 -0.55139
56 19.5633 11.0529 -0.714846
57 1.3608 15.7711 -0.488324
58 0.30187 13.0487 -0.363769
59 19.6971 11.6838 -0.440797
60 19.1209 11.1809 -0.420219
61 0.278212 13.1896 -0.367032
62 3.35659 3.39383 -0.443115
63 0.194454 13.5313 -0.683795
64 3.4581 3.60655 -0.456884
65 19.834 12.9322 -0.622198
66 19.7202 12.2962 -0.873287
67 0.198483 13.6102 -0.584283
68 0.711653 13.8779 -0.712063
69 19.5786 11.8316 -0.351995
70 1.20047 15.8449 -0.315562
71 1.17765 15.4231 -0.656224
72 0.895543 14.2119 -0.446838
73 3.47161 2.46432 -0.230776
74 3.37384 2.87817 -0.241138
75 0.749178 14.0817 -0.67769
76 0.969922 14.7449 -0.360369
77 0.348316 13.1571 -0.820874
78 0.494394 14.0652 -0.764714
79 0.461571 13.2683 -0.596845
80 19.8883 12.5157 -0.349627
81 19.5715 11.7285 -0.550387
82 0.352335 13.6197 -0.228461
83 3.22799 1.41403 -0.114042
84 0.781611 13.8237 -0.721462
85 0.718131 14.5334 -0.648784
86 0.478148 14.0778 -0.817951
87 19.9612 12.0884 -0.860279
88 19.5067 11.5521 -0.735575
89 2.26711 16.1534 -0.360236
90 19.7765 11.5832 -0.806005
91 0.751657 14.7372 -0.682111
92 3.01568 0.748315 -0.184362
93 3.67613 2.97056 -0.550321
94 0.253396 13.8446 -0.575182
95 0.165707 13.0583 -0.476937
96 16.4485 8.78066 -1.42725
97 0.315241 13.7804 -0.577304
98 0.62582 14.1707 -0.307379
99 0.255529 13.478 -0.577976
