100
Particles
0 1.19959 12.2822 -0.450754
1 1.33946 12.6266 -0.891905
2 1.72746 13.292 -0.674171
3 1.8269 14.3106 -0.759795
4 1.11563 11.7672 -0.59888
5 1.31042 13.067 -0.907495
6 1.07286 12.4756 -0.7543
7 2.64592 15.9771 -0.322967
8 4.28111 1.3915 -0.541011
9 1.76719 13.7164 -0.335602
10 1.662 14.3865 -0.921792
11 1.49815 13.5704 -0.582954
12 0.931867 11.7246 -0.80939
13 0.594384 11.0109 -0.665097
14 4.14793 1.76228 -0.18558
15 0.293723 10.4959 -0.719668
16 4.27941 1.58154 -0.513411
17 1.53505 13.0623 -0.633116
18 0.221706 10.0986 -0.491298
19 0.771662 11.8683 -0.8601
20 2.01768 14.3613 -0.762594
21 2.16478 14.8061 -0.54322
22 1.6036 13.7166 -0.899643
23 1.83255 13.8458 -0.401988
24 4.88087 2.77583 -0.295907
25 0.767305 11.1962 -0.812789
26 3.18824 16.4916 -0.423439
27 1.08932 12.1745 -0.429816
28 2.08752 14.2444 -0.327512
29 2.82412 16.2273 -0.0954489
30 1.43069 13.004 -0.466738
31 2.11187 14.6109 -0.770802
32 1.64829 13.5596 -0.74371
33 1.74295 13.5516 -0.524113
34 1.76256 13.83 -0.331224
35 1.27931 12.9427 -0.890252
36 1.35496 12.0575 -0.395921
37 2.02434 14.0658 -0.733759
38 1.68156 13.7887 -0.353476
39 1.14988 12.224 -0.476522
40 0.948334 11.2795 -0.789168
41 1.3207 12.422 -0.304978
42 1.74776 14.047 -0.580378
43 1.64636 14.2992 -0.645761
44 4.40979 0.888718 -0.580565
45 2.64656 15.4353 -0.219267
46 1.5685 12.9319 -0.55842
47 4.59534 3.31727 -0.243801
48 1.10154 11.6307 -0.557051
49 1.91117 13.7171 -0.777865
50 1.63251 13.0105 -0.816965
51 2.02265 13.8227 -0.304101
52 4.43484 2.8758 -0.610944
53 1.81462 13.3353 -0.38906
54 0.824364 10.8677 -0.515661
55 1.67557 13.0767 -0.693298
56 0.565473 10.349 -0.314496
57 2.45194 15.1738 -0.540139
58 1.26531 12.2638 -0.628696
59 0.731471 11.0248 -0.590168
60 0.271399 10.7106 -0.524746
61 1.35515 12.6014 -0.484851
62 4.51574 2.93286 -0.304609
63 1.3339 13.0395 -0.293588
64 4.66898 3.33526 -0.204842
65 0.837779 12.2186 -0.434903
66 0.742435 11.6437 -0.359975
67 1.23642 12.944 -0.561305
68 1.69916 13.1642 -0.291837
69 0.630282 11.221 -0.262631
70 2.15931 15.0533 -0.806521
71 2.08885 14.5809 -0.851949
72 1.89139 13.4771 -0.775556
73 4.58081 1.97509 -0.239368
74 4.51321 2.38104 -0.51293
75 1.75861 13.3718 -0.729592
76 1.92148 13.9686 -0.821601
77 1.41041 12.5335 -0.372651
78 1.52323 13.372 -0.788919
79 1.54691 12.6957 -0.572029
80 0.96464 11.9124 -0.431187
81 0.555394 10.9951 -0.747899
82 1.33797 12.867 -0.880735
83 4.34163 0.895519 -0.74722
84 1.8071 13.1497 -0.294255
85 1.75258 13.8491 -0.516833
86 1.53674 13.4485 -0.808752
87 1.09631 11.5793 -0.496364
88 0.568605 10.904 -0.623401
89 3.45174 15.8195 -0.214322
90 0.836653 10.9553 -0.717446
91 1.72091 13.9894 -0.363888
92 4.10665 0.227635 -0.740516
93 4.72551 2.31854 -0.345628
94 1.19587 13.042 -0.89479
95 1.3486 12.6666 -0.326398
96 16.8542 7.61088 -1.35196
97 1.32581 13.0899 -0.864055
98 1.75235 13.6515 -0.587055
99 1.25371 12.7949 -0.776688
