100
Particles
0 2.27985 11.7409 -0.183936
1 2.4294 12.0305 -0.372583
2 2.77185 12.6227 -0.584355
3 2.82257 13.5915 -0.278946
4 2.09523 11.0032 -0.590827
5 2.44427 12.5477 -0.400687
6 2.17667 11.9191 -0.455274
7 3.75269 15.4599 -0.675638
8 5.3949 0.846632 -0.5431
9 2.72423 12.9248 -0.834333
10 2.81866 13.9214 -0.401497
11 2.47147 12.8028 -0.653813
12 2.01597 11.1266 -0.727214
13 1.70503 10.4718 -0.42296
14 5.3368 1.42306 -0.552472
15 1.3247 9.80747 -0.427007
16 5.40283 1.08114 -0.150835
17 2.67985 12.5716 -0.445683
18 1.24001 9.40482 -0.479705
19 1.90874 11.3578 -0.336453
20 3.04116 13.6763 -0.3629
21 3.21773 14.1608 -0.472918
22 2.75336 13.2421 -0.546616
23 2.93984 13.3194 -0.328876
24 5.95489 2.17198 -0.595389
25 1.74347 10.4315 -0.522474
26 4.33718 16.0313 -0.426151
27 2.10031 11.475 -0.762836
28 3.06344 13.5184 -0.800706
29 4.03238 15.9533 -0.230958
30 2.39017 12.242 -0.40145
31 3.14048 13.922 -0.69764
32 2.74654 13.0013 -0.40504
33 2.8091 12.9285 -0.314849
34 2.88563 13.3198 -0.442482
35 2.36675 12.3672 -0.221907
36 2.40245 11.4359 -0.742737
37 3.09689 13.4675 -0.314405
38 2.73358 13.146 -0.342849
39 2.12137 11.4611 -0.396257
40 1.97683 10.6 -0.742554
41 2.40609 11.8474 -0.193561
42 2.68921 13.2364 -0.536819
43 2.66378 13.6065 -0.333956
44 5.52441 0.356118 -0.314576
45 3.80269 14.9879 -0.262696
46 2.56613 12.2117 -0.752439
47 5.72661 2.83581 -0.347476
48 2.07609 10.8662 -0.66265
49 2.9347 13.0386 -0.812534
50 2.67402 12.3695 -0.664176
51 3.06678 13.1946 -0.293265
52 5.53943 2.3531 -0.184863
53 2.85872 12.662 -0.420305
54 1.76655 10.0657 -0.502184
55 2.69087 12.3709 -0.706136
56 1.63385 9.71424 -0.63841
57 3.58218 14.6692 -0.615833
58 2.28598 11.5643 -0.747746
59 1.80633 10.4334 -0.517461
60 1.27154 9.97854 -0.689071
61 2.39869 11.9436 -0.832807
62 5.68806 2.52541 -0.341906
63 2.45998 12.538 -0.232117
64 5.73405 2.75268 -0.769925
65 1.84252 11.5423 -0.226863
66 1.77077 10.9731 -0.657591
67 2.32791 12.3681 -0.800381
68 2.72532 12.502 -0.420061
69 1.69317 10.5813 -0.633459
70 3.16048 14.3801 -0.221607
71 3.06368 13.8334 -0.530122
72 2.9216 12.7827 -0.567396
73 5.66091 1.38286 -0.261261
74 5.6528 1.87841 -0.49676
75 2.79965 12.733 -0.229265
76 2.96584 13.3215 -0.277074
77 2.42815 11.8565 -0.589793
78 2.55557 12.6937 -0.847348
79 2.57308 11.9977 -0.585904
80 1.98853 11.2264 -0.614153
81 1.70747 10.5392 -0.261548
82 2.34984 12.1884 -0.425976
83 5.36282 0.199904 -0.498628
84 2.79076 12.4101 -0.362957
85 2.78969 13.1727 -0.826577
86 2.62445 12.8503 -0.564
87 2.11182 10.9058 -0.216516
88 1.67338 10.3309 -0.484601
89 4.63382 15.4711 -0.236687
90 1.89339 10.3508 -0.245979
91 2.80045 13.4125 -0.737464
92 5.06743 19.4391 -0.769395
93 5.86775 1.8754 -0.491748
94 2.22777 12.3869 -0.306867
95 2.33919 11.9153 -0.678898
96 16.8511 6.36823 -1.67249
97 2.4379 12.5389 -0.286777
98 2.85963 13.1073 -0.510048
99 2.23055 12.036 -0.699082
