100
Particles
0 3.28007 11.0193 -0.353961
1 3.46705 11.3722 -0.589686
2 3.72259 11.8133 -0.768644
3 3.98161 13.187 -0.377177
4 3.13681 10.3438 -0.622833
5 3.49236 11.9149 -0.825726
6 3.2705 11.3907 -0.258793
7 4.80957 14.8041 -0.416256
8 6.50047 0.314836 -0.267395
9 3.80029 12.3319 -0.194962
10 3.90001 13.3154 -0.468821
11 3.59496 12.3044 -0.643496
12 3.15173 10.6332 -0.318364
13 2.84645 9.99476 -0.375885
14 6.43829 0.865298 -0.745116
15 2.44955 9.30857 -0.301644
16 6.50178 0.526974 -0.50953
17 3.79311 12.0403 -0.419895
18 2.30128 8.77663 -0.631102
19 2.93907 10.6974 -0.818095
20 4.16971 13.1819 -0.327609
21 4.42478 13.8541 -0.104881
22 3.87929 12.7544 -0.572249
23 4.09846 12.8664 -0.31222
24 7.08142 1.71 -0.580659
25 2.87879 9.94028 -0.47546
26 5.42843 15.4396 -0.47689
27 3.16052 10.8459 -0.348776
28 4.19288 13.0222 -0.300044
29 5.17665 15.5118 -0.479991
30 3.45072 11.6107 -0.794109
31 4.26852 13.4045 -0.195361
32 3.85769 12.4492 -0.560247
33 3.91184 12.3695 -0.65815
34 4.03405 12.8915 -0.140717
35 3.42468 11.7047 -0.658619
36 3.51833 10.8901 -0.315654
37 4.16778 12.8579 -0.53082
38 3.85106 12.6019 -0.479542
39 3.16666 10.8196 -0.527133
40 2.98705 9.91245 -0.756034
41 3.53444 11.3571 -0.527048
42 3.85677 12.8025 -0.408792
43 3.77966 13.0614 -0.368687
44 6.64378 19.8611 -0.18564
45 5.00516 14.653 -0.316869
46 3.57533 11.4955 -0.831424
47 6.85141 2.34044 -0.575333
48 3.23884 10.4498 -0.642381
49 3.99373 12.4177 -0.53488
50 3.71104 11.7152 -0.539945
51 4.22592 12.7527 -0.404848
52 6.71999 1.94807 -0.286859
53 3.88782 11.9937 -0.561264
54 2.90096 9.56072 -0.554528
55 3.83516 11.8996 -0.655676
56 2.691 9.06456 -0.446461
57 4.73548 14.2394 -0.333368
58 3.36572 10.9755 -0.297477
59 2.89021 9.84437 -0.388661
60 2.41503 9.54537 -0.697678
61 3.40565 11.2165 -0.429043
62 6.81453 2.03383 -0.393287
63 3.56957 12.0214 -0.661736
64 6.845 2.19373 -0.409288
65 2.90644 10.9247 -0.343523
66 2.86982 10.445 -0.555823
67 3.33287 11.6422 -0.461376
68 3.76932 11.8398 -0.77111
69 2.78768 10.0314 -0.26373
70 4.34116 14.0279 -0.197506
71 4.19685 13.3377 -0.644269
72 3.99904 12.1975 -0.185226
73 6.76665 0.852188 -0.776713
74 6.71165 1.22098 -0.454805
75 3.87972 12.1704 -0.795811
76 4.03377 12.7109 -0.376752
77 3.57745 11.3795 -0.252873
78 3.67616 12.1781 -0.597679
79 3.68994 11.4774 -0.472222
80 3.02614 10.5462 -0.55336
81 2.74838 9.87464 -0.757271
82 3.3436 11.4538 -0.807024
83 6.53553 19.7945 -0.500208
84 3.83877 11.7838 -0.647654
85 3.9215 12.6948 -0.181202
86 3.70661 12.2472 -0.469443
87 3.13302 10.1964 -0.569215
88 2.7687 9.78382 -0.270958
89 5.76154 14.9631 -0.449524
90 3.02996 9.88141 -0.245351
91 3.98483 13.0294 -0.292961
92 6.09619 18.8005 -0.155076
93 6.90037 1.17311 -0.572666
94 3.34681 11.8537 -0.56666
95 3.46017 11.4117 -0.568966
96 16.7483 5.14281 -1.86737
97 3.42023 11.7851 -0.841327
98 3.99638 12.6207 -0.218977
99 3.18607 11.2517 -0.532104
