100
Particles
0 4.37346 10.4508 -0.352203
1 4.43842 10.6005 -0.485642
2 4.68908 11.0432 -0.843714
3 5.12253 12.6981 -0.54525
4 4.11596 9.58947 -0.729354
5 4.53728 11.2466 -0.564165
6 4.31623 10.7191 -0.450542
7 5.98527 14.441 -0.0646094
8 7.61351 19.7656 -0.263688
9 4.9397 11.8644 -0.207626
10 5.09989 13.033 -0.0740395
11 4.60467 11.6012 -0.341473
12 4.20203 9.99038 -0.784027
13 3.81733 9.22038 -0.881587
14 7.44565 0.142114 -0.721645
15 3.47244 8.6002 -0.76979
16 7.64412 0.097546 -0.774527
17 4.87414 11.4623 -0.356714
18 3.36562 8.15049 -0.502545
19 3.98663 10.0417 -0.453652
20 5.34961 12.8113 -0.352226
21 5.64266 13.6002 -0.322814
22 5.06223 12.3747 -0.327143
23 5.16959 12.2755 -0.714264
24 8.11131 1.06603 -0.279494
25 3.966 9.37578 -0.517749
26 6.673 15.3546 0.0248361
27 4.22928 10.2221 -0.633958
28 5.31742 12.5187 -0.359605
29 6.35647 15.1165 -0.29048
30 4.50236 10.9703 -0.337608
31 5.4525 13.0311 -0.400112
32 4.93955 11.8596 -0.373366
33 5.0185 11.807 -0.372822
34 5.09619 12.2455 -0.72308
35 4.48835 11.0893 -0.845189
36 4.5715 10.2263 -0.70445
37 5.31361 12.4095 -0.400854
38 4.97198 12.1243 -0.713131
39 4.15065 10.0724 -0.779538
40 4.05311 9.31878 -0.359675
41 4.66492 10.8487 -0.449904
42 4.90931 12.1412 -0.601519
43 4.95575 12.7226 -0.122354
44 7.7318 19.3266 -0.802981
45 6.12661 14.1175 -0.358463
46 4.55288 10.7404 -0.741026
47 7.88823 1.65155 -0.727608
48 4.3328 9.87613 -0.563162
49 5.02545 11.7413 -0.406125
50 4.70437 10.9651 -0.471065
51 5.37487 12.2784 -0.562202
52 7.81558 1.39404 -0.737295
53 4.91893 11.318 -0.623213
54 3.88727 8.8122 -0.81206
55 4.8657 11.2312 -0.272533
56 3.8231 8.55926 -0.381023
57 5.92433 13.9422 -0.312609
58 4.40264 10.3016 -0.364678
59 3.92693 9.20127 -0.88123
60 3.47158 8.91931 -0.720303
61 4.50847 10.6521 -0.660933
62 7.83642 1.3405 -0.352041
63 4.63211 11.4272 -0.832034
64 7.92368 1.61216 -0.719476
65 3.95193 10.248 -0.6162
66 3.91875 9.80064 -0.595901
67 4.36611 10.9582 -0.359934
68 4.81057 11.1671 -0.434317
69 3.84089 9.37995 -0.457625
70 5.55733 13.7798 -0.142135
71 5.33488 12.8704 -0.531968
72 5.16906 11.8055 -0.314295
73 7.80649 0.196472 -0.643564
74 7.7495 0.555517 -0.732378
75 4.95006 11.5367 -0.545815
76 5.10225 12.0919 -0.633458
77 4.69272 10.8845 -0.301279
78 4.68927 11.4733 -0.746082
79 4.7561 10.8648 -0.484015
80 4.08568 9.93295 -0.348557
81 3.81037 9.25141 -0.597014
82 4.32575 10.7047 -0.469265
83 7.6163 19.206 -0.311427
84 4.86711 11.1038 -0.697467
85 5.11353 12.3606 -0.165561
86 4.80607 11.7003 -0.459983
87 4.18244 9.53872 -0.641631
88 3.85361 9.18908 -0.65976
89 6.95516 14.6378 -0.142811
90 4.15437 9.37268 -0.336845
91 5.11216 12.522 -0.652482
92 6.91486 17.9064 -0.994349
93 7.95827 0.548336 -0.866156
94 4.50078 11.3879 -0.449908
95 4.52799 10.7859 -0.612119
96 16.1666 4.04189 -1.90483
97 4.52878 11.2107 -0.40885
98 5.14045 12.1792 -0.65357
99 4.22211 10.5754 -0.648238
