100
Particles
0 5.41941 9.78453 -0.777996
1 5.50542 9.96251 -0.550279
2 5.69856 10.3256 -0.620572
3 6.26859 12.2382 -0.202598
4 5.07652 8.85505 -0.796129
5 5.67118 10.7729 -0.296925
6 5.33244 10.0032 -0.685475
7 7.1549 14.0686 -0.635352
8 8.60217 19.0303 -0.347177
9 5.9508 11.1397 -0.682457
10 6.15434 12.398 -0.332357
11 5.66027 10.9927 -0.242309
12 5.1371 9.1826 -0.47574
13 4.80239 8.5034 -0.599612
14 8.43509 19.4081 -0.416938
15 4.32973 7.69817 -0.718249
16 8.63204 19.3349 -0.640689
17 6.02218 10.9823 -0.483601
18 4.19605 7.25568 -0.705647
19 4.98845 9.33883 -0.519958
20 6.46329 12.289 -0.431403
21 6.86454 13.4242 0.0684309
22 6.16733 11.8049 -0.437204
23 6.28042 11.7243 -0.672849
24 9.07368 0.286333 -0.577577
25 4.70513 8.37485 -1.00237
26 7.74394 14.7213 -0.567311
27 5.35507 9.70474 -0.663939
28 6.4068 11.9583 -0.438962
29 7.54411 14.8258 -0.360539
30 5.55781 10.3232 -0.387966
31 6.57762 12.5392 -0.189104
32 5.98897 11.2353 -0.795506
33 6.06969 11.1604 -0.645235
34 6.1376 11.5803 -0.702018
35 5.54162 10.4711 -0.504403
36 5.64896 9.61418 -0.586717
37 6.34227 11.7127 -0.456363
38 6.04862 11.5266 -0.660045
39 5.20533 9.44873 -0.354463
40 4.84905 8.36282 -0.978817
41 5.84774 10.456 -0.362236
42 5.9778 11.5389 -0.746773
43 6.05118 12.1524 -0.203407
44 8.77467 18.6893 -0.383534
45 7.32706 13.8649 -0.395645
46 5.6766 10.224 -0.299255
47 8.836 0.900986 -0.321079
48 5.2925 9.10562 -0.888921
49 6.1426 11.2214 -0.346853
50 5.74955 10.3124 -0.62302
51 6.47973 11.717 -0.331972
52 8.83803 0.702725 -0.53662
53 5.96063 10.654 -0.675189
54 4.82119 7.98767 -0.612019
55 5.95639 10.6474 -0.574596
56 4.61666 7.64629 -1.1178
57 7.0906 13.52 -0.364452
58 5.45946 9.68997 -0.344459
59 4.89018 8.42354 -0.487255
60 4.29268 7.9809 -0.89635
61 5.52392 9.94631 -0.40909
62 8.87144 0.710253 -0.290432
63 5.61032 10.6821 -0.82186
64 8.93819 0.900103 -0.679925
65 4.97604 9.55918 -0.612527
66 4.90395 9.04113 -0.630097
67 5.4626 10.4194 -0.274679
68 5.97947 10.7526 -0.214103
69 4.80436 8.5939 -0.619439
70 6.76681 13.5228 -0.0133186
71 6.46828 12.3903 -0.668365
72 6.21254 11.1386 -0.437304
73 8.88724 19.5837 -0.653786
74 8.6935 19.7577 -0.838906
75 6.01597 10.922 -0.509489
76 6.14837 11.4451 -0.430555
77 5.72974 10.2097 -0.532614
78 5.71155 10.7591 -0.592385
79 5.87609 10.3332 -0.203266
80 4.9674 9.04718 -0.764663
81 4.751 8.47199 -1.06817
82 5.28032 9.90411 -0.657236
83 8.67666 18.5867 -0.522232
84 5.97244 10.5742 -0.288043
85 6.24946 11.8673 -0.37331
86 5.88289 11.1313 -0.424768
87 4.96838 8.58776 -1.06916
88 4.60469 8.20276 -1.11591
89 8.06187 14.0614 -0.534221
90 5.08997 8.55469 -0.64201
91 6.21488 11.956 -0.320834
92 7.60331 16.8762 -0.954992
93 8.92292 19.8088 -0.817413
94 5.5908 10.8184 -0.557723
95 5.53374 10.0612 -0.676119
96 16.495 2.8583 -1.30303
97 5.50345 10.4443 -0.625745
98 6.23763 11.6331 -0.721216
99 5.25011 9.87732 -0.447302
