100
Particles
0 6.55361 9.27746 -0.55574
1 6.548 9.30619 -0.304419
2 6.77583 9.73497 -0.276083
3 7.47806 11.9368 -0.15228
4 6.11474 8.18393 -0.42371
5 6.71304 10.1044 -0.732551
6 6.34531 9.28978 -0.530555
7 8.18398 13.387 -0.84079
8 9.68159 18.4173 -0.340832
9 6.95947 10.4616 -0.841364
10 7.29076 11.9083 -0.278173
11 6.78891 10.4859 -0.579748
12 6.16491 8.52225 -0.358538
13 5.74252 7.70491 -0.72525
14 9.63164 19.0706 -0.139788
15 5.12179 6.777 -0.432931
16 9.64806 18.6366 -0.711537
17 7.08552 10.3891 -0.69044
18 4.99791 6.30736 -1.03369
19 5.95791 8.58211 -0.873968
20 7.51514 11.6406 -0.302056
21 8.00999 13.0212 -0.735767
22 7.24477 11.197 -0.688068
23 7.29964 11.0227 -0.626515
24 10.1987 19.844 -0.161598
25 5.62756 7.56087 -0.503987
26 8.76562 14.0492 -0.22638
27 6.38327 9.02858 -0.62093
28 7.43206 11.2627 -0.539635
29 8.70565 14.4103 -0.208884
30 6.68225 9.82271 -0.260173
31 7.78389 12.234 -0.406758
32 7.04337 10.5822 -0.367478
33 7.13538 10.538 -0.417937
34 7.06827 10.7469 -0.76398
35 6.53829 9.72124 -0.641539
36 6.71853 8.99009 -0.327388
37 7.43091 11.1376 -0.73465
38 7.14469 10.9588 -0.288007
39 6.20712 8.71897 -0.719798
40 5.77677 7.55135 -0.843331
41 6.93983 9.89259 -0.270089
42 6.99384 10.8469 -0.699909
43 7.06471 11.4415 -0.707691
44 9.80012 18.0007 -0.781453
45 8.44189 13.326 -0.401418
46 6.74337 9.63453 -0.681611
47 9.97777 0.415491 -0.491991
48 6.23939 8.3269 -0.453091
49 7.17003 10.5544 -0.856331
50 6.80056 9.66535 -0.597136
51 7.45376 10.9488 -0.799471
52 9.95952 0.160642 -0.330709
53 6.89798 9.83313 -0.844684
54 5.76091 7.188 -0.431758
55 6.98999 9.96748 -0.630797
56 5.45444 6.74475 -0.815138
57 8.2208 13.0437 -0.278013
58 6.43374 8.93691 -0.835065
59 5.78185 7.591 -0.747097
60 5.11888 7.04777 -0.807733
61 6.51607 9.21479 -0.566155
62 10.0648 0.38366 -0.467108
63 6.73004 10.1749 -0.274579
64 10.09 0.430626 -0.367553
65 5.95871 8.80159 -0.534074
66 5.77826 8.15108 -0.744111
67 6.59927 9.92788 -0.271308
68 7.08009 10.2285 -0.274979
69 5.70816 7.75777 -0.560086
70 7.84033 12.9151 -0.442649
71 7.57104 11.8297 -0.413213
72 7.1892 10.3697 -0.741456
73 10.0119 19.0469 -0.386453
74 9.76463 19.1388 -0.629799
75 7.07249 10.3072 -0.696411
76 7.13319 10.6888 -0.479498
77 6.78571 9.58163 -0.654962
78 6.70683 10.0111 -0.759059
79 6.89493 9.66702 -0.231175
80 5.84142 8.16246 -0.880982
81 5.7006 7.67421 -0.468121
82 6.2864 9.17833 -0.763774
83 9.72042 17.9179 -0.759035
84 7.09711 10.0706 -0.423672
85 7.4118 11.44 -0.270425
86 6.94965 10.4989 -0.613222
87 5.95436 7.86188 -0.486809
88 5.61454 7.49947 -0.655349
89 9.15576 13.4987 -0.328581
90 6.07975 7.8128 -0.612618
91 7.34871 11.4669 -0.371136
92 8.71038 16.3201 -0.438939
93 10.0926 19.447 -0.6688
94 6.60261 10.1253 -0.248599
95 6.65313 9.51467 -0.476037
96 16.3786 1.62179 -1.49948
97 6.58536 9.83796 -0.559213
98 7.30698 11.0061 -0.468619
99 6.42141 9.47972 -0.231814
