100
Particles
0 7.57868 8.58848 -0.740162
1 7.55318 8.59708 -0.750997
2 7.84501 9.12291 -0.719495
3 8.61689 11.4309 -0.348058
4 7.18673 7.58913 -0.429779
5 7.78865 9.51161 -0.367057
6 7.40212 8.67866 -0.747012
7 9.24054 12.7896 -0.787043
8 10.6868 17.7107 -0.910776
9 8.02182 9.8547 -0.248241
10 8.41401 11.3832 -0.58503
11 7.92556 10.0156 -0.519934
12 7.26897 7.98082 -0.185723
13 6.66146 6.87833 -0.454823
14 10.6552 18.3717 -0.797207
15 6.0607 5.98774 -0.602342
16 10.5572 17.8119 -0.410714
17 8.12283 9.72537 -0.29846
18 5.94771 5.53522 -0.64397
19 7.09396 8.09479 -0.621637
20 8.60666 11.0591 -0.590804
21 9.121 12.4823 -0.283638
22 8.32591 10.6451 -0.708161
23 8.38629 10.4544 -0.507183
24 11.0835 18.967 -0.862429
25 6.48331 6.66217 -0.828431
26 9.93964 13.6727 -0.588303
27 7.46334 8.42544 -0.591259
28 8.52577 10.702 -0.251437
29 9.93058 14.2973 -0.368184
30 7.78023 9.27805 -0.320984
31 8.93364 11.7551 -0.41753
32 8.15401 10.0659 -0.262728
33 8.23974 9.98537 -0.212614
34 8.19308 10.2462 -0.253325
35 7.59399 9.09223 -0.605487
36 7.78581 8.40587 -0.210288
37 8.51901 10.5529 -0.271942
38 8.31808 10.5789 -0.274888
39 7.29014 8.12983 -0.508607
40 6.84735 6.93569 -0.496826
41 8.02158 9.3026 -0.453542
42 8.07565 10.3007 -0.687643
43 8.23744 11.0237 -0.31882
44 10.8995 17.419 -0.4536
45 9.58363 12.8205 -0.462731
46 7.86786 9.14737 -0.30219
47 11.0265 19.7537 -0.777256
48 7.19986 7.56479 -0.298882
49 8.25217 9.96412 -0.598553
50 7.85874 9.0355 -0.505196
51 8.53598 10.3835 -0.641328
52 11.0559 19.6276 -0.209992
53 7.97277 9.25057 -0.222545
54 6.74295 6.43817 -0.623998
55 8.13547 9.50961 -0.233046
56 6.4635 6.0254 -0.456573
57 9.30204 12.4541 -0.544553
58 7.54215 8.39223 -0.614012
59 6.81557 6.94096 -0.26498
60 6.07446 6.26365 -0.586905
61 7.58198 8.59996 -0.649691
62 11.2002 19.8746 -0.361457
63 7.82025 9.59905 -0.342587
64 11.1105 19.7293 -0.399655
65 7.08645 8.30764 -0.708841
66 6.80847 7.47775 -0.302717
67 7.6685 9.31712 -0.718174
68 8.08595 9.50084 -0.557235
69 6.74077 7.10284 -0.793457
70 8.95906 12.4081 -0.316063
71 8.66462 11.2812 -0.654837
72 8.22264 9.70975 -0.604165
73 10.9077 18.1941 -0.941537
74 10.7696 18.4177 -0.397221
75 8.11662 9.63278 -0.615014
76 8.30216 10.2812 -0.185629
77 7.93106 9.13281 -0.373123
78 7.77268 9.36982 -0.471315
79 7.92713 9.01213 -0.564678
80 6.91894 7.58207 -0.800849
81 6.73407 7.01521 -0.390742
82 7.41271 8.6726 -0.191753
83 10.6091 17.0637 -0.655639
84 8.22288 9.54603 -0.414265
85 8.55582 10.9563 -0.234199
86 8.08137 9.9888 -0.408761
87 6.97792 7.17481 -0.573595
88 6.61882 6.81886 -0.534661
89 10.2527 12.9327 -0.744126
90 7.1926 7.26093 -0.552241
91 8.39071 10.8171 -0.535028
92 9.85758 15.9068 -0.248563
93 11.0673 18.7061 -0.943054
94 7.71553 9.57648 -0.482791
95 7.7129 8.8911 -0.744905
96 16.6351 0.406139 -1.37811
97 7.69333 9.29179 -0.630861
98 8.37133 10.3893 -0.714142
99 7.5722 9.001 -0.304407
