100
Particles
0 8.68225 8.04226 -0.344743
1 8.6207 7.9969 -0.795957
2 8.99357 8.658 -0.404713
3 9.74718 10.9316 -0.564304
4 8.12421 6.77398 -0.654182
5 8.84926 8.86152 -0.530407
6 8.48477 8.09223 -0.505678
7 10.355 12.2697 -0.591142
8 11.6451 16.9383 -0.72038
9 9.15466 9.34889 -0.233088
10 9.51019 10.8026 -0.452025
11 9.09597 9.58533 -0.287879
12 8.33099 7.33294 -0.414336
13 7.6973 6.23533 -0.844624
14 11.6365 17.6135 -0.534505
15 7.05057 5.23457 -0.661669
16 11.4859 17.0089 -0.52493
17 9.21446 9.15097 -0.373121
18 6.9948 4.90915 -0.800837
19 8.06593 7.31979 -0.616782
20 9.69847 10.4756 -0.4351
21 10.189 11.8619 -0.333332
22 9.40099 10.0475 -0.618285
23 9.52253 9.99116 -0.162138
24 12.0571 18.2103 -0.463544
25 7.61231 6.14354 -0.42381
26 11.011 13.0868 -0.490237
27 8.54762 7.86638 -0.733149
28 9.57319 10.0456 -0.667707
29 10.9571 13.6058 -0.839108
30 8.91944 8.78387 -0.202759
31 10 11.1429 -0.822061
32 9.22636 9.46762 -0.644993
33 9.33914 9.43972 -0.504935
34 9.37164 9.84653 -0.478609
35 8.59727 8.39657 -0.77404
36 8.83519 7.74266 -0.609484
37 9.68418 10.1302 -0.286933
38 9.48881 10.1679 -0.228628
39 8.39569 7.59011 -0.393042
40 7.95146 6.38644 -0.382006
41 9.1382 8.77688 -0.225992
42 9.26868 9.9437 -0.408402
43 9.27221 10.3355 -0.412018
44 11.8773 16.6537 -0.536239
45 10.6378 12.1648 -0.654035
46 8.93401 8.53918 -0.475023
47 12.032 19.0517 -0.787246
48 8.29729 6.99668 -0.280747
49 9.38941 9.51193 -0.472798
50 8.92437 8.44745 -0.520692
51 9.62062 9.80652 -0.626224
52 11.9303 18.7529 -0.820917
53 9.08827 8.75677 -0.693748
54 7.8411 5.85281 -0.390951
55 9.25627 9.00658 -0.680135
56 7.53222 5.41331 -0.55435
57 10.3558 11.7941 -0.570697
58 8.65797 7.85029 -0.572138
59 7.80275 6.20215 -0.878455
60 7.07102 5.54147 -0.761306
61 8.66614 8.03601 -0.387206
62 12.1748 19.1148 -0.7823
63 8.92807 9.03532 -0.540565
64 12.0816 18.9517 -0.802947
65 8.05514 7.53121 -0.791905
66 7.71247 6.62295 -0.763395
67 8.74404 8.7452 -0.536291
68 9.15867 8.89457 -0.56403
69 7.77637 6.43989 -0.377131
70 10.0509 11.9033 -0.773442
71 9.75115 10.7288 -0.179805
72 9.27938 9.0719 -0.620365
73 11.9664 17.5362 -0.494438
74 11.7761 17.6938 -0.849221
75 9.20553 9.05466 -0.292624
76 9.39173 9.74165 -0.338007
77 9.06216 8.61244 -0.391072
78 8.81528 8.69267 -0.53577
79 9.02823 8.45497 -0.391702
80 7.77014 6.66832 -0.792249
81 7.80601 6.4104 -0.275738
82 8.46869 8.02934 -0.455538
83 11.6337 16.3727 -0.699062
84 9.25466 8.8573 -0.660171
85 9.70872 10.5023 -0.322921
86 9.16658 9.40767 -0.686767
87 8.0208 6.49134 -0.608713
88 7.6566 6.16685 -0.632393
89 11.2473 12.1884 -0.711081
90 8.25643 6.63337 -0.420485
91 9.51832 10.3021 -0.368319
92 10.7867 15.0917 -0.805469
93 11.9532 17.8375 -0.97998
94 8.82587 9.0662 -0.220426
95 8.7482 8.22722 -0.631916
96 17.2339 19.3256 -0.814908
97 8.77649 8.71373 -0.3667
98 9.3807 9.67196 -0.353417
99 8.70656 8.52198 -0.514147
