100
Particles
0 9.69769 7.36475 -0.832112
1 9.66622 7.32637 -0.485602
2 9.98653 7.90896 -0.746889
3 10.9223 10.5545 -0.562508
4 9.22593 6.18545 -0.4835
5 9.86074 8.16884 -0.41449
6 9.46904 7.40606 -0.841691
7 11.4952 11.7939 -0.139895
8 12.5432 16.0851 -0.89231
9 10.1761 8.642 -0.747005
10 10.6607 10.3804 -0.612624
11 10.1862 9.01654 -0.721944
12 9.37395 6.70644 -0.283714
13 8.74927 5.60884 -0.776825
14 12.4635 16.6807 -0.722268
15 7.81583 4.25493 -1.0771
16 12.5818 16.4272 -0.411786
17 10.2322 8.44524 -0.523079
18 7.81638 3.9797 -0.73657
19 9.00866 6.50287 -0.6825
20 10.9144 10.191 -0.173388
21 11.3018 11.3207 -0.260791
22 10.5056 9.50448 -0.34659
23 10.6882 9.61712 -0.67946
24 12.9463 17.3626 -0.546909
25 8.72867 5.60621 -0.417235
26 12.0955 12.5262 -0.448962
27 9.63453 7.25433 -0.600726
28 10.7068 9.56026 -0.597953
29 11.9176 12.8809 -0.337104
30 10.0443 8.26329 -0.371426
31 11.1831 10.7856 -0.330712
32 10.2401 8.74386 -0.484708
33 10.3732 8.74983 -0.707711
34 10.4882 9.32398 -0.423146
35 9.64105 7.72376 -0.345203
36 9.8923 7.11186 -0.825818
37 10.7554 9.53488 -0.696508
38 10.6112 9.63766 -0.318794
39 9.36889 6.82972 -0.647767
40 9.0662 5.89356 -0.289917
41 10.1387 8.03686 -0.731007
42 10.3914 9.44131 -0.701704
43 10.3994 9.83089 -0.141772
44 12.9298 15.9981 -0.364619
45 11.7903 11.7057 -0.370946
46 9.96468 7.84653 -0.366715
47 13.0283 18.3313 -0.43126
48 9.38335 6.41846 -0.298822
49 10.5267 9.02118 -0.552145
50 9.90819 7.71206 -0.336642
51 10.7358 9.315 -0.139251
52 12.8253 17.9093 -0.872423
53 10.1605 8.18471 -0.656267
54 8.98779 5.3851 -0.215408
55 10.3085 8.34734 -0.645465
56 8.54265 4.70501 -0.630162
57 11.5222 11.3992 -0.152159
58 9.56244 7.01623 -0.872334
59 8.97293 5.79882 -0.358779
60 7.81714 4.55522 -0.966494
61 9.67653 7.32465 -0.384093
62 13.0514 18.2518 -0.581261
63 9.94037 8.33193 -0.542821
64 12.9782 18.1047 -0.851167
65 9.03362 6.76817 -0.512549
66 8.76981 5.99731 -0.344951
67 9.82471 8.13731 -0.344107
68 10.1853 8.21205 -0.656698
69 8.90011 5.92376 -0.425144
70 11.2334 11.5202 -0.414324
71 10.8874 10.2421 -0.616545
72 10.4381 8.61669 -0.442676
73 12.8761 16.6987 -0.908149
74 12.7505 16.9486 -0.370269
75 10.3615 8.61258 -0.293139
76 10.4874 9.16233 -0.717332
77 10.1691 8.05528 -0.367837
78 9.91849 8.12754 -0.66402
79 10.0918 7.8331 -0.816368
80 8.90126 6.15744 -0.376509
81 8.96869 5.98927 -0.219457
82 9.47788 7.31798 -0.658672
83 12.5879 15.5686 -0.757775
84 10.3816 8.35555 -0.448779
85 10.8907 10.1439 -0.348738
86 10.2789 8.90772 -0.549894
87 9.03952 5.80742 -0.737729
88 8.73083 5.55961 -0.760077
89 12.3229 11.5855 -0.427199
90 9.3676 6.09324 -0.354728
91 10.608 9.70614 -0.574018
92 11.413 14.0125 -0.948695
93 12.9459 17.104 -0.894468
94 9.941 8.56321 -0.257473
95 9.86265 7.67184 -0.543848
96 18.3099 18.71 -0.555671
97 9.90324 8.21125 -0.732833
98 10.4559 9.05379 -0.637443
99 9.73223 7.81979 -0.697228
