100
Particles
0 10.0788 19.8718 0.107715
1 10.0738 19.6429 0.245
2 10.0978 0.244975 -0.15351
3 10.0744 0.0435714 0.105524
4 10.0501 19.1138 -0.0523341
5 10.0631 19.5557 -0.0966959
6 10.0842 19.5048 -0.118967
7 10.1202 0.0651568 0.148495
8 10.0731 19.7649 -0.0407084
9 10.0636 19.9313 -0.00851032
10 10.0665 19.9494 0.087821
11 10.0996 0.219325 -0.296771
12 10.0845 19.921 0.152793
13 10.1151 19.8683 0.129105
14 10.0329 0.121497 -0.00189713
15 10.0331 19.7285 -0.283008
16 10.1028 0.706404 0.245186
17 10.0523 19.6684 -0.311031
18 10.0534 19.7605 0.277262
19 10.0743 0.0543466 0.0438567
20 10.1105 0.0209048 -0.105318
21 10.0671 19.3703 -0.29205
22 10.0718 19.8149 0.292057
23 10.0722 0.0650525 0.0181776
24 10.1033 0.110554 -0.172586
25 10.0557 19.1917 0.160659
26 10.0864 19.5671 0.154928
27 10.0464 19.8467 -0.139157
28 10.0723 0.0692018 0.235775
29 10.1207 0.0351592 -0.144827
30 10.0966 19.8244 -0.00460353
31 10.0528 19.8747 0.134452
32 10.0779 19.8052 -0.314101
33 10.077 19.7194 -0.183522
34 10.0617 19.9037 0.0920541
35 10.0405 0.0103382 0.274409
36 10.0645 19.368 -0.0905373
37 10.0758 19.7172 -0.240441
38 10.0618 0.0274221 0.128565
39 10.0428 19.5037 -0.212734
40 10.0519 19.5349 0.206205
41 10.0802 19.0219 -0.178438
42 10.083 0.251138 0.0475854
43 10.1064 0.0111895 0.054086
44 10.0755 0.00141535 -0.0859095
45 10.1224 0.0870933 0.16303
46 10.0878 19.2014 -0.025287
47 10.1163 0.422283 -0.241419
48 10.0851 19.8196 -0.264401
49 10.0932 0.0384149 -0.143134
50 10.0845 19.6301 -0.283652
51 10.0827 19.3755 0.0661313
52 10.1031 0.219662 -0.0788838
53 10.0529 19.717 -0.191571
54 10.0747 19.3384 -0.2111
55 10.1216 0.15336 -0.194973
56 10.1218 19.6761 0.219556
57 10.0621 19.9929 -0.272671
58 10.0884 19.5964 -0.193157
59 10.0514 19.3718 -0.0249169
60 10.0867 0.155301 -0.213215
61 10.0768 19.6794 -0.311729
62 10.0613 0.483331 -0.21428
63 10.0896 0.0293038 0.215653
64 10.0514 0.274474 -0.212123
65 10.0348 19.8683 0.200064
66 10.0957 19.6433 -0.202486
67 10.058 0.761786 -0.0649895
68 10.0835 19.4794 0.13235
69 10.0976 19.6955 -0.0148833
70 10.103 0.215418 -0.0982258
71 10.1049 0.213221 0.0655329
72 10.109 19.8285 -0.0152972
73 10.0941 19.8801 -0.236095
74 10.071 19.9623 -0.219023
75 10.0731 19.9633 0.222096
76 10.1083 19.8765 -0.276584
77 10.034 19.3366 0.125624
78 10.0934 0.0547747 -0.0826403
79 10.0933 19.7344 -0.247551
80 10.088 19.727 -0.225376
81 10.0893 19.5701 -0.194684
82 10.0895 19.6583 0.0152764
83 10.096 0.445222 0.315479
84 10.0818 19.5116 -0.170968
85 10.0752 19.6898 0.104969
86 10.0651 0.175326 -0.291822
87 10.0293 19.44 -0.266404
88 10.0813 19.494 -0.0410885
89 10.0746 19.5764 0.228013
90 10.0581 19.6247 0.254501
91 10.0764 19.8221 0.243588
92 10.1088 19.9123 0.20056
93 10.075 0.153491 -0.0336551
94 10.054 19.7562 -0.0355021
95 10.0601 19.6296 -0.0898193
96 10.1143 19.6105 -0.0272074
97 10.0576 19.8151 -0.000889261
98 10.0634 19.7634 -0.0323586
99 10.0644 19.8996 -0.0938631
