100
Particles
0 10.7021 6.67776 -0.810012
1 10.7677 6.75967 -0.653499
2 10.9935 7.21015 -0.385563
3 11.9183 9.82981 -0.825974
4 10.3644 5.69889 -0.574573
5 10.9743 7.64633 -0.780107
6 10.3702 6.55249 -0.629596
7 12.7162 11.6024 0.0718133
8 13.4981 15.3258 -0.559072
9 11.2736 8.04957 -0.421034
10 11.7728 9.85682 -0.308975
11 11.2168 8.31322 -0.486642
12 10.4351 6.12266 -0.279619
13 9.92622 5.22913 -0.152759
14 13.6003 16.1856 -0.173044
15 8.41121 3.168 -0.912841
16 13.5916 15.7231 -0.500726
17 11.344 7.90133 -0.466554
18 8.45752 2.93648 -0.931777
19 10.0534 5.83272 -0.732309
20 11.9832 9.57078 -0.642386
21 12.4733 10.9388 -0.53061
22 11.6092 8.97857 -0.252744
23 11.7737 9.05709 -0.222829
24 14.0715 16.8529 -0.401042
25 9.79644 5.02061 -0.172693
26 13.2821 12.2199 -0.249072
27 10.7612 6.76804 -0.2767
28 11.7591 8.91063 -0.415745
29 13.076 12.4719 -0.424594
30 11.0438 7.544 -0.639266
31 12.3042 10.282 -0.678738
32 11.344 8.17539 -0.496304
33 11.3525 8.0105 -0.61651
34 11.5905 8.78445 -0.724971
35 10.585 6.91506 -0.781983
36 10.8279 6.3108 -0.566356
37 11.9079 9.10119 -0.69624
38 11.6756 8.99648 -0.493709
39 10.4802 6.29849 -0.290503
40 10.2132 5.42387 -0.358425
41 11.1817 7.40364 -0.269923
42 11.4842 8.84767 -0.408118
43 11.42 9.16859 -0.398637
44 13.944 15.2764 -0.453725
45 12.9862 11.4058 -0.393362
46 10.9845 7.18417 -0.353808
47 14.0353 17.6009 -0.505065
48 10.4638 5.84869 -0.375054
49 11.5165 8.27845 -0.794669
50 10.9579 7.05021 -0.673838
51 11.8 8.67231 -0.672526
52 13.926 17.3411 -0.540386
53 11.2538 7.5972 -0.714144
54 10.0985 4.85274 -0.556373
55 11.2259 7.50151 -0.689944
56 9.11291 3.61677 -1.40493
57 12.6776 11.0222 0.0208395
58 10.5864 6.37154 -0.511931
59 10.1 5.29463 -0.487657
60 8.34167 3.43266 -1.31169
61 10.5972 6.51015 -0.489267
62 14.1301 17.6466 -0.300749
63 10.9637 7.68688 -0.261524
64 14.1281 17.6658 -0.155182
65 10.135 6.20627 -0.651007
66 9.90739 5.50285 -0.504859
67 10.9399 7.58484 -0.424604
68 11.2092 7.56813 -0.235183
69 10.0174 5.39061 -0.335035
70 12.4164 11.1977 -0.585399
71 11.9138 9.5726 -0.791654
72 11.606 8.1957 -0.257771
73 13.8367 15.936 -0.684278
74 13.7981 16.3225 -0.399401
75 11.3978 7.93879 -0.60739
76 11.5302 8.50273 -0.615292
77 11.1936 7.35177 -0.588853
78 10.8691 7.33435 -0.723807
79 11.1732 7.24982 -0.370133
80 9.97512 5.57623 -0.586769
81 10.0863 5.44562 -0.448145
82 10.5653 6.74386 -0.254507
83 13.544 14.7639 -0.65598
84 11.4457 7.7065 -0.473312
85 12.0149 9.62033 -0.601289
86 11.4004 8.38296 -0.239097
87 10.1263 5.21049 -0.520135
88 9.8782 5.14229 -0.217674
89 13.4786 11.1631 -0.336602
90 10.422 5.45044 -0.293331
91 11.6531 9.05001 -0.811574
92 11.857 12.8577 -1.45063
93 14.1001 16.6522 -0.258492
94 10.9801 7.88828 -0.519681
95 10.856 6.93447 -0.72184
96 19.3734 18.1069 -0.394348
97 10.904 7.51649 -0.834506
98 11.5307 8.4446 -0.595682
99 10.7513 7.10036 -0.589672
