100
Particles
0 11.8021 6.10023 -0.449346
1 11.8294 6.15523 -0.335516
2 12.0834 6.63208 -0.38062
3 12.9658 9.18674 -0.699078
4 11.4083 5.04255 -0.67701
5 12.0901 7.13365 -0.325125
6 11.4999 6.03442 -0.287069
7 13.9136 11.3774 -0.0353796
8 14.4572 14.5338 -0.624286
9 12.2738 7.30953 -0.727157
10 12.9242 9.38121 -0.298999
11 12.2539 7.67196 -0.600244
12 11.5251 5.52829 -0.620135
13 11.0777 4.7502 -0.327535
14 14.7016 15.6304 -0.194812
15 9.03835 2.11263 -1.20498
16 14.665 15.0995 -0.657928
17 12.5397 7.546 -0.213394
18 9.17514 1.92809 -0.867173
19 11.1507 5.26612 -0.697438
20 13.0905 9.023 -0.216694
21 13.7147 10.9187 -0.12271
22 12.683 8.377 -0.73575
23 12.8819 8.50169 -0.642619
24 15.1856 16.353 -0.351974
25 10.9248 4.53174 -0.325198
26 14.4746 11.8628 -0.184967
27 11.7646 6.058 -0.329586
28 12.8968 8.41205 -0.401759
29 14.2517 12.0921 -0.43541
30 11.9606 6.7356 -0.836366
31 13.3472 9.60407 -0.677718
32 12.3847 7.52555 -0.603043
33 12.3831 7.34364 -0.263989
34 12.6061 8.09014 -0.712987
35 11.5909 6.2442 -0.912193
36 11.9988 5.89435 -0.44173
37 12.9936 8.52125 -0.411912
38 12.7365 8.35075 -0.687618
39 11.5339 5.63602 -0.484905
40 11.3705 5.00078 -0.630452
41 12.2529 6.77677 -0.746357
42 12.6339 8.37548 -0.279047
43 12.5155 8.58267 -0.638747
44 15.0608 14.7659 -0.238
45 14.2117 11.3319 -0.0901954
46 11.9818 6.44852 -0.723524
47 15.1563 17.0676 -0.532162
48 11.5205 5.25945 -0.827392
49 12.6557 7.78843 -0.24594
50 11.9189 6.27048 -0.419475
51 12.8676 8.06696 -0.596306
52 15.1368 17.0655 -0.0539409
53 12.3174 6.97576 -0.834851
54 11.2337 4.40817 -0.266246
55 12.3223 6.9548 -0.639423
56 9.98504 2.72609 -0.705896
57 13.9154 10.8905 0.0612052
58 11.6719 5.77218 -0.528674
59 11.2397 4.8063 -0.412556
60 9.09389 2.46646 -0.681613
61 11.6192 5.81556 -0.526645
62 15.3675 17.4816 -0.217596
63 12.0186 7.02396 -0.443954
64 15.3185 17.3192 -0.405375
65 11.259 5.6901 -0.62301
66 10.9761 4.95233 -0.610045
67 11.8692 6.76803 -0.815783
68 12.1212 6.73312 -0.742382
69 11.191 4.96992 -0.213294
70 13.6181 11.2023 0.301608
71 13.0242 9.01537 -0.525355
72 12.7316 7.68268 -0.457818
73 14.9326 15.364 -0.259075
74 14.8506 15.6584 -0.424301
75 12.5002 7.39512 -0.383942
76 12.4602 7.67898 -0.747191
77 12.2187 6.65014 -0.442628
78 11.8977 6.67245 -0.578757
79 12.1836 6.54869 -0.752788
80 11.094 5.05727 -0.70081
81 11.1467 4.82739 -0.613638
82 11.6107 6.08965 -0.30763
83 14.5792 14.1162 -0.828752
84 12.5183 7.09783 -0.267834
85 13.1438 9.13125 -0.710904
86 12.4724 7.78778 -0.38315
87 11.27 4.73162 -0.223698
88 10.9649 4.53586 -0.459117
89 14.7007 11.0636 0.126042
90 11.5138 4.89876 -0.740642
91 12.7637 8.52185 -0.348336
92 11.6675 11.636 -1.93027
93 15.2482 16.2003 -0.559889
94 12.0605 7.27425 -0.515317
95 11.8852 6.26235 -0.693892
96 0.582266 17.8357 -0.174007
97 12.0137 6.98373 -0.471086
98 12.5835 7.79183 -0.676001
99 11.6884 6.28094 -0.783603
