100
Particles
0 12.7874 5.33266 -0.66936
1 12.7938 5.39728 -0.455264
2 13.0922 5.90617 -0.417208
3 14.0558 8.69 -0.082239
4 12.489 4.42244 -0.443683
5 13.0323 6.32427 -0.822907
6 12.4913 5.30902 -0.566244
7 15.131 11.3707 0.285894
8 15.4479 13.8086 -0.81013
9 13.3703 6.76532 -0.283479
10 14.0659 8.88156 -0.422478
11 13.3233 7.06963 -0.318103
12 12.6624 5.03329 -0.363206
13 12.2235 4.26804 -0.340137
14 15.8322 15.1277 -0.318206
15 9.47508 0.963572 -1.48739
16 15.7294 14.4863 -0.488977
17 13.6542 7.01334 -0.640673
18 9.6813 0.816976 -1.23808
19 12.0877 4.43952 -0.756319
20 14.2461 8.5918 -0.327481
21 14.9467 10.7249 -0.170067
22 13.8185 7.9032 -0.605375
23 14.0393 8.05214 -0.243739
24 16.4081 16.145 -0.343597
25 12.0206 3.96399 -0.352698
26 15.7099 11.9307 0.0902642
27 12.7743 5.33674 -0.835594
28 14.0526 7.98815 -0.136246
29 15.4579 12.0391 -0.106048
30 13.0453 6.1365 -0.648333
31 14.4563 9.05982 -0.279156
32 13.4595 6.94781 -0.346691
33 13.4256 6.70684 -0.753835
34 13.7206 7.6004 -0.153341
35 12.6316 5.61155 -0.321066
36 12.953 5.11723 -0.799916
37 14.1634 8.09605 -0.182793
38 13.8502 7.85092 -0.703794
39 12.5335 4.91493 -0.370486
40 12.4054 4.33416 -0.674833
41 13.3614 6.2274 -0.636784
42 13.7564 7.89182 -0.585039
43 13.6425 8.09891 -0.300062
44 16.0761 14.0614 -0.563211
45 15.4467 11.397 0.0078347
46 13.0242 5.77149 -0.475353
47 16.3499 16.7316 -0.268474
48 12.5206 4.55207 -0.606955
49 13.7879 7.27308 -0.614718
50 12.968 5.61556 -0.816161
51 13.9925 7.57318 -0.320106
52 16.3482 16.7628 -0.178826
53 13.4148 6.40418 -0.633009
54 12.2185 3.66777 -0.523941
55 13.3117 6.22267 -0.816979
56 10.6641 1.69003 -0.954648
57 15.1407 10.9929 0.184533
58 12.6822 5.08685 -0.334312
59 12.2286 4.07099 -0.329506
60 9.74182 1.41001 -0.88517
61 12.6081 5.10107 -0.365293
62 16.6036 17.3717 -0.085431
63 13.1296 6.47286 -0.638705
64 16.5201 17.0743 0.000970422
65 12.2003 4.87667 -0.717027
66 11.9845 4.25423 -0.27409
67 12.9351 6.16002 -0.308355
68 13.1453 6.05474 -0.786115
69 12.2801 4.39214 -0.799275
70 14.8309 11.296 0.0761949
71 14.143 8.52035 -0.109364
72 13.8043 7.07189 -0.614897
73 16.022 14.7897 -0.412412
74 15.915 15.0554 -0.835572
75 13.6281 6.88882 -0.271475
76 13.535 7.06214 -0.310348
77 13.2798 6.03001 -0.597524
78 12.8404 5.90123 -0.896481
79 13.2407 5.91664 -0.814815
80 12.2186 4.53777 -0.288951
81 12.1141 4.05668 -0.716636
82 12.6104 5.3516 -0.654437
83 15.5581 13.3637 -0.559941
84 13.474 6.3046 -0.821678
85 14.321 8.77548 -0.131237
86 13.5908 7.28518 -0.599588
87 12.3405 4.132 -0.745414
88 12.1112 4.06547 -0.477846
89 15.913 10.8227 -0.153371
90 12.4512 4.1004 -0.899418
91 13.8828 8.00613 -0.64458
92 11.2243 10.4739 -1.89867
93 16.3571 15.6831 -0.104612
94 13.0874 6.57952 -0.729119
95 13.0593 5.84553 -0.395967
96 1.75982 18.1899 0.511107
97 12.9957 6.25321 -0.829445
98 13.7081 7.30564 -0.473213
99 12.7133 5.58893 -0.862984
