100
Particles
0 13.9098 4.81959 -0.243263
1 13.8266 4.70903 -0.672955
2 14.2007 5.35607 -0.521873
3 15.2546 8.40898 0.0444535
4 13.6415 3.94935 -0.278856
5 14.1292 5.73477 -0.367845
6 13.6428 4.83954 -0.435237
7 16.3637 11.4103 0.0507842
8 16.6016 13.3463 -0.366196
9 14.5083 6.26689 -0.290572
10 15.2355 8.48347 -0.30874
11 14.3668 6.42156 -0.330312
12 13.8079 4.56454 -0.36241
13 13.3361 3.74406 -0.515796
14 16.9853 14.6783 -0.331399
15 9.96982 19.842 -0.859343
16 16.8321 13.9237 -0.409052
17 14.7383 6.45937 -0.236819
18 10.1339 19.6697 -1.0471
19 13.2403 3.97348 -0.179536
20 15.3784 8.08977 -0.55439
21 16.1556 10.9538 0.488769
22 14.8939 7.28291 -0.528269
23 15.2674 7.82906 -0.232651
24 17.6057 15.9501 0.202436
25 13.1486 3.44618 -0.56287
26 16.9401 11.9239 0.313384
27 13.8332 4.68002 -0.570174
28 15.1593 7.43776 -0.540935
29 16.6907 12.0356 -0.00759306
30 14.0679 5.43314 -0.774411
31 15.6498 8.71867 -0.248342
32 14.5796 6.44262 -0.211172
33 14.4254 5.96974 -0.461301
34 14.8427 7.08994 -0.184729
35 13.6509 4.9423 -0.268434
36 14.0202 4.51547 -0.754376
37 15.3635 7.79102 -0.47067
38 15.0296 7.45841 -0.306268
39 13.6454 4.39476 -0.762953
40 13.4274 3.63516 -0.548912
41 14.4356 5.63487 -0.325886
42 14.9336 7.51782 -0.0126985
43 14.7371 7.51876 -0.60717
44 17.1287 13.3982 -0.453923
45 16.6911 11.4194 -0.119243
46 14.0897 5.1473 -0.372037
47 17.5658 16.6714 0.173359
48 13.6775 4.09865 -0.308323
49 14.9013 6.71033 -0.377014
50 14.0016 4.93336 -0.61038
51 15.1969 7.25237 -0.381688
52 17.5832 16.7981 0.04497
53 14.4336 5.698 -0.755016
54 13.2281 2.98937 -0.789256
55 14.2944 5.4706 -0.454694
56 11.4819 0.752048 -0.911893
57 16.3248 11.3878 0.322088
58 13.7667 4.48213 -0.678332
59 13.2517 3.36681 -0.788617
60 10.1718 0.257783 -0.918383
61 13.7186 4.57504 -0.232465
62 17.8345 17.231 0.105954
63 14.2239 5.88366 -0.358231
64 17.7385 16.9712 0.0452823
65 13.2481 4.24215 -0.726913
66 13.0492 3.66268 -0.420074
67 14.0267 5.57863 -0.584958
68 14.0854 5.24819 -0.462599
69 13.3468 3.76848 -0.497075
70 16.0366 11.5557 -0.0221074
71 15.3273 8.17483 -0.300881
72 14.8857 6.48454 -0.499506
73 17.1528 14.3033 -0.180933
74 17.0449 14.5814 -0.124533
75 14.7679 6.43628 -0.228244
76 14.5749 6.37848 -0.581233
77 14.2911 5.32795 -0.769087
78 13.894 5.26928 -0.727383
79 14.2401 5.21579 -0.666612
80 13.2571 3.86867 -0.505702
81 13.1444 3.3699 -0.612961
82 13.5985 4.62045 -0.30444
83 16.6889 12.8585 -0.462992
84 14.467 5.58288 -0.379063
85 15.4648 8.29126 -0.543051
86 14.6848 6.71882 -0.583431
87 13.4116 3.51014 -0.573441
88 13.2032 3.48534 -0.766461
89 17.1296 10.7878 -0.111948
90 13.407 3.30537 -0.769021
91 15.0662 7.609 -0.253818
92 11.0036 9.25163 -1.76663
93 17.5905 15.5847 0.177165
94 14.1834 6.01482 -0.418809
95 14.2129 5.38247 -0.356151
96 2.99434 18.2861 0.250422
97 14.0379 5.60224 -0.435369
98 14.8602 6.84974 -0.524486
99 13.7485 4.93897 -0.720609
