100
Particles
0 15.0835 4.40652 -0.256231
1 14.9226 4.14349 -0.55462
2 15.3451 4.87401 -0.453023
3 16.4593 8.13279 -0.14664
4 14.714 3.33759 -0.484669
5 15.2455 5.21125 -0.663168
6 14.7483 4.27238 -0.376921
7 17.5565 11.6811 -0.0648843
8 17.7658 12.9275 -0.069108
9 15.6518 5.82659 -0.671547
10 16.3566 7.98407 -0.339372
11 15.5681 6.11931 -0.328286
12 14.8583 3.90789 -0.557863
13 14.4239 3.13912 -0.385821
14 18.0673 14.0848 -0.63762
15 10.5549 18.7552 -0.931679
16 18.0075 13.5399 -0.191893
17 15.9054 6.02325 -0.309539
18 10.8205 18.6496 -0.768075
19 14.269 3.27984 -0.551612
20 16.564 7.76973 -0.133852
21 17.3302 11.1531 -0.23236
22 16.0291 6.80143 -0.515512
23 16.4024 7.36689 -0.442801
24 18.8313 15.9459 -0.0595616
25 14.072 2.63934 -0.809864
26 18.1641 12.1631 0.0962866
27 14.9581 4.16595 -0.584385
28 16.2539 6.88985 -0.62246
29 17.9332 12.0563 0.207035
30 15.066 4.73806 -0.143786
31 16.7616 8.18255 -0.620218
32 15.6839 5.92137 -0.245567
33 15.5263 5.42577 -0.156682
34 15.9002 6.46906 -0.750178
35 14.7785 4.45618 -0.208235
36 15.1048 3.91514 -0.63093
37 16.5011 7.37499 -0.621869
38 16.1397 6.97241 -0.725368
39 14.6996 3.76614 -0.765178
40 14.3396 2.78703 -0.752443
41 15.5688 5.11864 -0.513734
42 16.0233 6.9709 -0.763623
43 15.8512 7.00322 -0.366148
44 18.2858 12.988 -0.359438
45 17.9072 11.6852 0.146512
46 15.282 4.77899 -0.237526
47 18.7877 16.7915 -0.204001
48 14.7906 3.5715 -0.745652
49 16.0263 6.1897 -0.527166
50 15.179 4.55473 -0.310636
51 16.2859 6.66591 -0.756579
52 18.8107 16.7261 -0.299197
53 15.5945 5.27481 -0.259841
54 14.0309 2.03549 -0.909991
55 15.4578 5.02531 -0.416621
56 11.9425 19.626 -1.52574
57 17.5638 11.4324 -0.0562896
58 14.9591 4.14828 -0.542219
59 14.3069 2.71768 -0.360792
60 10.9033 19.2735 -1.09365
61 14.8348 4.04481 -0.261001
62 19.0514 17.3413 -0.24741
63 15.2771 5.25021 -0.360179
64 18.9767 17.0374 0.300466
65 14.2431 3.54147 -0.451395
66 14.0489 2.95375 -0.717291
67 15.1417 5.05302 -0.422817
68 15.2162 4.75182 -0.286783
69 14.3313 3.0287 -0.8666
70 17.216 11.903 0.035608
71 16.4371 7.64724 -0.383636
72 16.0215 6.01193 -0.225941
73 18.264 13.7843 -0.236704
74 18.1628 14.0279 -0.369335
75 15.8358 5.8449 -0.764521
76 15.7156 5.95044 -0.663221
77 15.4827 4.98239 -0.475392
78 15.0616 4.84039 -0.384146
79 15.2711 4.52057 -0.6898
80 14.2943 3.20142 -0.73568
81 14.1655 2.69139 -0.65131
82 14.6162 3.92344 -0.606929
83 17.8809 12.5521 -0.428195
84 15.6185 5.13727 -0.451421
85 16.5838 7.76335 -0.586042
86 15.8502 6.30798 -0.164689
87 14.3463 2.68977 -0.790552
88 14.1096 2.62962 -0.768048
89 18.3712 10.8336 0.0635395
90 14.3756 2.56069 -0.790007
91 16.231 7.21701 -0.623001
92 11.0971 8.00975 -1.45674
93 18.8186 15.6039 -0.0487628
94 15.2485 5.40711 -0.71041
95 15.3244 4.83076 -0.311391
96 4.16263 18.6998 0.27497
97 15.2137 5.22484 -0.17457
98 16.0306 6.45254 -0.147839
99 14.8695 4.43004 -0.724647
