100
Particles
0 16.2244 3.9776 -0.127952
1 16.0454 3.61453 -0.255285
2 16.4385 4.31483 -0.456221
3 17.484 7.43389 -0.696996
4 15.7503 2.65789 -0.439632
5 16.3709 4.72956 -0.595081
6 15.8956 3.81921 -0.419429
7 18.7999 11.7556 -0.0169042
8 18.9686 12.753 -0.338235
9 16.7771 5.37313 -0.153207
10 17.4798 7.48968 -0.719807
11 16.6817 5.59166 -0.325493
12 15.9328 3.305 -0.256095
13 15.4488 2.43832 -0.485823
14 19.2502 13.6957 -0.165045
15 11.1641 17.6777 -1.07633
16 19.2346 13.3275 -0.168588
17 17.0051 5.46018 -0.461576
18 11.4746 17.6279 -1.3478
19 15.26 2.53172 -0.716388
20 17.7417 7.42447 -0.162736
21 18.5521 11.1845 0.176611
22 17.1708 6.31493 -0.404557
23 17.5178 6.81116 -0.58019
24 0.0532882 15.8145 -0.244697
25 15.101 1.94431 -0.774192
26 19.3989 12.1345 -0.0865384
27 16.1149 3.71964 -0.430901
28 17.371 6.37554 -0.608698
29 19.1728 12.1183 -0.146254
30 16.2067 4.29425 -0.207037
31 17.861 7.62307 -0.544213
32 16.7172 5.23435 -0.642838
33 16.606 4.82967 -0.549551
34 16.9491 5.8976 -0.661804
35 15.9597 4.09748 -0.537702
36 16.2175 3.38781 -0.202082
37 17.5459 6.71457 -0.533445
38 17.2906 6.56061 -0.307796
39 15.8498 3.3003 -0.281095
40 15.3176 2.01955 -0.709514
41 16.6745 4.57971 -0.286552
42 17.0901 6.3581 -0.55606
43 16.93 6.42541 -0.561045
44 19.4899 12.7554 -0.0407485
45 19.1255 11.7288 -0.111998
46 16.3758 4.22769 -0.710038
47 19.9637 16.5126 -0.576512
48 15.8303 2.89964 -0.426036
49 17.1368 5.67504 -0.416468
50 16.3288 4.09703 -0.433171
51 17.3069 5.96245 -0.703939
52 19.9903 16.3525 -0.313069
53 16.7669 4.88156 -0.334162
54 15.0018 1.26554 -0.664931
55 16.6068 4.6249 -0.534153
56 12.1641 18.4133 -1.64911
57 18.7914 11.4568 0.336309
58 16.0413 3.58916 -0.335296
59 15.3524 2.04357 -0.65032
60 11.5395 18.2329 -1.03458
61 15.8391 3.32592 -0.710913
62 0.214633 16.925 -0.438358
63 16.3863 4.70026 -0.526201
64 0.10625 16.5185 -0.631769
65 15.1849 2.72381 -0.698561
66 15.0408 2.21238 -0.674911
67 16.2421 4.48983 -0.408684
68 16.3273 4.21127 -0.518841
69 15.2398 2.21462 -0.798914
70 18.4542 12.053 0.0490347
71 17.523 7.04915 -0.588628
72 17.1932 5.60537 -0.564857
73 19.4443 13.4408 -0.35847
74 19.3627 13.8045 -0.212895
75 16.9511 5.33368 -0.186538
76 16.8632 5.47684 -0.51912
77 16.6529 4.59991 -0.235664
78 16.1836 4.32869 -0.282554
79 16.4099 4.03781 -0.23985
80 15.341 2.53193 -0.539075
81 15.0989 1.88025 -0.663682
82 15.6136 3.21105 -0.831777
83 19.1211 12.5753 0.089442
84 16.7111 4.57014 -0.487597
85 17.694 7.22168 -0.473849
86 17.0169 5.89267 -0.486019
87 15.374 2.01258 -0.662721
88 15.0689 1.84988 -0.53455
89 19.512 10.3626 -0.578895
90 15.4334 1.9109 -0.581631
91 17.3842 6.79638 -0.240174
92 10.8799 6.86062 -2.24854
93 0.0516664 15.5129 -0.201335
94 16.4411 5.06491 -0.489712
95 16.4612 4.36636 -0.127935
96 5.34716 19.0631 0.487658
97 16.3254 4.68708 -0.356811
98 17.1763 6.0017 -0.38338
99 16.0221 3.98385 -0.211512
