100
Particles
0 17.3 3.35817 -0.675849
1 17.2093 3.17069 -0.316397
2 17.5894 3.88174 -0.523826
3 18.6248 6.94844 -0.283224
4 16.8478 2.10948 -0.537368
5 17.4666 4.22737 -0.665665
6 17.012 3.27804 -0.486001
7 0.0369396 11.8562 0.19549
8 0.201268 12.9018 0.2204
9 17.8894 4.84557 -0.665859
10 18.5683 6.91477 -0.432084
11 17.8027 5.06633 -0.583767
12 17.0328 2.7835 -0.101867
13 16.5747 1.92092 -0.444333
14 0.489224 13.818 0.152631
15 11.6867 16.5491 -1.15651
16 0.47223 13.4458 0.299108
17 18.1559 5.02654 -0.0971056
18 11.8225 16.449 -1.32373
19 16.2879 1.83877 -0.777462
20 18.8836 6.94874 -0.208692
21 19.7821 10.9861 -0.0157301
22 18.2451 5.71146 -0.610934
23 18.6166 6.26487 -0.225986
24 1.24596 15.5081 -0.510569
25 16.144 1.27701 -0.512605
26 0.615195 12.1524 0.337158
27 17.2683 3.27669 -0.107892
28 18.3961 5.72045 -0.407576
29 0.397424 12.3454 0.242414
30 17.2765 3.68441 -0.488996
31 18.8526 6.90849 -0.714629
32 17.87 4.84441 -0.397531
33 17.8171 4.53563 -0.270212
34 18.1341 5.54114 -0.186101
35 17.1329 3.69174 -0.371662
36 17.3409 2.89972 -0.259771
37 18.6735 6.20756 -0.412756
38 18.2866 5.81586 -0.467536
39 17.0746 3.05673 -0.149094
40 16.3917 1.40784 -0.63695
41 17.8 4.10538 -0.173323
42 18.2059 5.81163 -0.48371
43 18.0721 5.95974 -0.33476
44 0.716846 12.913 -0.120461
45 0.366382 11.7312 0.0472613
46 17.5183 3.77071 -0.391914
47 1.14647 16.1535 -0.0596423
48 16.9273 2.3588 -0.654715
49 18.2734 5.21817 -0.154618
50 17.4856 3.68703 -0.0940026
51 18.4274 5.43753 -0.540289
52 1.154 15.9037 -0.417002
53 17.7804 4.15296 -0.659215
54 15.9533 0.483796 -0.375802
55 17.7615 4.24179 -0.12724
56 12.3827 17.2095 -1.06828
57 0.0195782 11.5051 -0.232628
58 17.2104 3.21327 -0.195754
59 16.3391 1.29469 -0.715567
60 11.8412 17.0529 -0.964349
61 16.9982 2.89842 -0.221315
62 1.2608 16.2785 -0.613307
63 17.4891 4.16849 -0.140413
64 1.24745 16.0238 -0.430968
65 16.2656 2.10273 -0.548785
66 16.1202 1.59054 -0.502887
67 17.3263 3.89546 -0.47506
68 17.4503 3.71853 -0.347672
69 16.3495 1.72189 -0.17008
70 19.6873 12.0052 0.0259491
71 18.6316 6.49844 -0.723475
72 18.2922 5.03801 -0.291653
73 0.662423 13.5383 0.263112
74 0.593957 13.8286 0.302382
75 18.1174 4.92173 -0.288226
76 17.9439 4.87992 -0.654478
77 17.7415 4.03921 -0.703798
78 17.242 3.67757 -0.455943
79 17.5593 3.58509 -0.40836
80 16.4637 2.00905 -0.253122
81 16.1816 1.30497 -0.572261
82 16.7277 2.69871 -0.690203
83 0.34728 12.5452 0.0256119
84 17.829 4.02862 -0.309128
85 18.8106 6.69327 -0.299611
86 18.1979 5.49996 -0.305132
87 16.38 1.29625 -0.653136
88 16.0756 1.14672 -0.459255
89 0.638133 9.84167 -0.363877
90 16.5597 1.37656 -0.478921
91 18.5413 6.34671 -0.459703
92 9.9339 6.05638 -2.33669
93 1.20914 15.1168 -0.126874
94 17.617 4.6551 -0.173558
95 17.585 3.85999 -0.279685
96 6.55737 19.3712 0.206305
97 17.4802 4.27856 -0.137011
98 18.2952 5.50489 -0.0950438
99 17.1841 3.59214 -0.627288
