100
Particles
0 18.4809 3.0032 -0.0475173
1 18.3905 2.78958 -0.476299
2 18.7246 3.36457 -0.334187
3 19.8111 6.62352 -0.167887
4 18.0135 1.71336 -0.0554625
5 18.6316 3.83033 -0.619832
6 18.1804 2.83943 -0.279935
7 1.26337 12.024 0.250768
8 1.39797 12.9978 -0.210686
9 19.0103 4.29271 -0.437647
10 19.7289 6.52462 -0.539953
11 18.9283 4.5708 -0.302813
12 18.1388 2.24627 -0.307956
13 17.5805 1.19167 -0.440163
14 1.73292 13.8587 -0.0812166
15 12.1562 15.4174 -0.956107
16 1.70544 13.4564 -0.176892
17 19.2753 4.5244 -0.655803
18 12.3885 15.3536 -1.01548
19 17.3685 1.23924 -0.239433
20 0.0516625 6.57211 -0.586948
21 0.990166 11.2598 0.213939
22 19.3374 5.13836 -0.616866
23 19.802 5.92292 -0.243959
24 2.40147 15.1117 -0.46608
25 17.1882 0.625812 -0.269449
26 1.78771 12.58 0.287311
27 18.3635 2.68055 -0.566927
28 19.5794 5.35061 -0.478497
29 1.63332 12.4786 0.308399
30 18.3679 3.15808 -0.0499165
31 0.0136929 6.50974 -0.603547
32 18.9268 4.193 -0.661345
33 19.0096 4.21575 -0.26684
34 19.2637 5.02263 -0.418327
35 18.2814 3.21114 -0.401604
36 18.5352 2.55821 -0.0932059
37 19.8963 5.9743 -0.104256
38 19.4443 5.36927 -0.386365
39 18.2356 2.62609 -0.281164
40 17.4237 0.728863 -0.484757
41 18.8936 3.52018 -0.676192
42 19.3893 5.44926 -0.178879
43 19.2508 5.59356 -0.365037
44 1.91031 13.2685 0.283084
45 1.60207 11.846 0.00638324
46 18.6625 3.35633 -0.637265
47 2.37091 16.0148 -0.120445
48 18.0749 1.89885 -0.559752
49 19.4493 4.82394 -0.417511
50 18.6863 3.35695 -0.301581
51 19.6168 5.10423 -0.471053
52 2.33248 15.5502 0.0190878
53 18.8783 3.55728 -0.484789
54 17.0623 19.9597 -0.362136
55 18.8843 3.73504 -0.510043
56 12.6897 16.0028 -1.34651
57 1.21333 11.8287 0.351208
58 18.3486 2.70158 -0.420509
59 17.3808 0.620647 -0.540993
60 12.2264 15.8953 -1.41859
61 18.1423 2.44949 -0.523943
62 2.47806 16.0327 -0.251646
63 18.6223 3.69816 -0.46118
64 2.44631 15.7822 -0.391084
65 17.4327 1.69479 -0.163514
66 17.2699 1.12543 -0.520175
67 18.5291 3.57798 -0.287163
68 18.5593 3.19859 -0.0662499
69 17.3653 1.02346 -0.558882
70 0.907841 12.2326 0.172981
71 19.8504 6.26246 -0.317151
72 19.3774 4.4533 -0.175401
73 1.85232 13.7415 -0.0388763
74 1.82784 13.7835 -0.111303
75 19.2326 4.37521 -0.502536
76 18.9846 4.21199 -0.703237
77 18.8431 3.47572 -0.507362
78 18.4027 3.24452 -0.218239
79 18.7292 3.19393 -0.14396
80 17.6058 1.53022 -0.235376
81 17.3534 0.912607 -0.582365
82 17.935 2.39693 -0.165115
83 1.55926 12.805 0.0767767
84 19.0078 3.67692 -0.246036
85 19.9972 6.34568 -0.327731
86 19.3492 5.07819 -0.201319
87 17.3705 0.544861 -0.654006
88 17.1135 0.500211 -0.263674
89 1.80961 9.42365 -0.244832
90 17.6423 0.788625 -0.444255
91 19.6836 5.91761 -0.62384
92 9.00392 5.23333 -2.62545
93 2.33515 14.6264 -0.100323
94 18.7651 4.17958 -0.517363
95 18.7136 3.35201 -0.5509
96 7.76856 19.6192 -0.0746543
97 18.6307 3.81329 -0.464315
98 19.3726 4.90275 -0.210169
99 18.3295 3.14486 -0.51724
