100
Particles
0 19.5582 2.41811 -0.53657
1 19.5642 2.39429 -0.0979869
2 19.9005 2.96625 -0.207499
3 0.965602 6.17282 -0.227452
4 19.2011 1.39493 -0.238037
5 19.766 3.37034 -0.343844
6 19.3172 2.36464 -0.593544
7 2.49561 12.0361 -0.00205701
8 2.63637 12.9577 -0.144411
9 0.152021 3.8321 -0.567839
10 0.841025 5.99234 -0.570101
11 0.139913 4.33434 -0.417166
12 19.3191 1.86164 -0.211653
13 18.6972 0.669014 -0.63239
14 2.94417 13.6079 -0.177719
15 12.9395 14.4526 -0.866883
16 2.94379 13.411 0.163431
17 0.459216 4.21873 -0.0601333
18 13.1321 14.3682 -0.823176
19 18.5098 0.738935 -0.404369
20 1.05411 5.83254 -0.611816
21 2.21867 11.1205 -0.262439
22 0.531014 4.80647 -0.435954
23 0.858691 5.28277 -0.738948
24 3.55863 14.6952 -0.566148
25 18.2577 0.0480975 -0.118338
26 2.99732 12.7435 0.122266
27 19.5086 2.24107 -0.389606
28 0.759699 4.97232 -0.415994
29 2.86214 12.5193 -0.0686134
30 19.5191 2.71416 -0.249483
31 1.04481 5.83136 -0.350888
32 0.0138306 3.60247 -0.240199
33 0.196206 3.8699 -0.279155
34 0.399851 4.55448 -0.42497
35 19.3604 2.6012 -0.296675
36 19.6662 2.10938 -0.521806
37 0.96861 5.37807 -0.75186
38 0.564817 4.85535 -0.590201
39 19.3807 2.19567 -0.533269
40 18.519 0.157584 -0.544923
41 0.082923 3.15271 -0.300779
42 0.573089 5.09305 -0.229088
43 0.391692 5.12229 -0.37724
44 3.14213 13.3442 0.226653
45 2.83319 11.9704 0.328144
46 19.8277 3.0121 -0.53266
47 3.59172 15.8055 -0.133601
48 19.2284 1.48282 -0.419905
49 0.607706 4.42867 -0.327269
50 19.9074 3.09827 -0.107379
51 0.773418 4.69856 -0.628068
52 3.52317 15.2077 -0.402794
53 0.0146376 3.09114 -0.384014
54 18.1437 19.3569 -0.581127
55 0.0277793 3.25061 -0.380017
56 13.5057 15.0709 -0.68846
57 2.44056 11.9438 -0.0522619
58 19.522 2.36414 -0.0805191
59 18.4059 19.9488 -0.635787
60 12.8761 14.8332 -1.04086
61 19.2718 1.95325 -0.6035
62 3.6368 15.6081 -0.513035
63 19.8552 3.52488 -0.0515599
64 3.61227 15.37 -0.261168
65 18.5507 1.20651 -0.280372
66 18.342 0.572474 -0.720749
67 19.6238 2.99937 -0.573896
68 19.7318 2.85798 -0.0431891
69 18.5425 0.670077 -0.618957
70 2.12027 12.4994 0.319121
71 0.96701 5.71676 -0.275229
72 0.544633 4.0579 -0.0573436
73 3.07532 13.5811 0.148585
74 3.05146 13.6456 0.12581
75 0.457959 4.12915 -0.21194
76 0.163221 3.82731 -0.485291
77 19.9456 2.89422 -0.50831
78 19.5007 2.69102 -0.501193
79 19.8191 2.64815 -0.0799073
80 18.6753 0.902842 -0.36321
81 18.4813 0.411806 -0.257829
82 19.1498 2.18634 -0.447779
83 2.78185 12.7512 -0.210032
84 0.148278 3.26697 -0.604677
85 1.01136 5.62846 -0.631266
86 0.455519 4.54564 -0.626709
87 18.4206 19.9092 -0.692087
88 18.2487 0.00214857 -0.487638
89 2.95299 8.9947 -0.58548
90 18.7563 0.270126 -0.205014
91 0.741694 5.3277 -0.755878
92 7.87385 4.72824 -2.94339
93 3.55421 14.428 -0.0958754
94 19.9425 3.82108 -0.405523
95 19.8761 2.95954 -0.0474455
96 8.98127 19.9047 0.383393
97 19.726 3.23702 -0.474971
98 0.46002 4.34908 -0.532407
99 19.4983 2.77308 -0.614045
