100
Particles
0 0.74681 2.09819 -0.135375
1 0.75317 2.08749 -0.0153446
2 1.11915 2.77976 0.066548
3 2.13712 5.77107 -0.430854
4 0.325985 0.905714 -0.5617
5 0.932553 2.94799 -0.366115
6 0.505089 2.02043 -0.454772
7 3.73148 12.0719 -0.0160866
8 3.87372 12.9566 -0.123153
9 1.30151 3.40466 -0.269273
10 2.05177 5.75134 0.0141415
11 1.28462 3.88495 -0.398401
12 0.496244 1.4722 -0.180909
13 19.8652 0.230245 -0.266235
14 4.17548 13.6858 -0.0190917
15 13.7802 13.5336 -0.741776
16 4.14226 13.7491 0.397207
17 1.65329 3.87943 -0.313063
18 13.966 13.476 -1.11401
19 19.67 0.352023 -0.151062
20 2.27521 5.59873 -0.0409852
21 3.43486 11.1372 0.22872
22 1.66356 4.31715 -0.56023
23 1.95324 4.71382 -0.462673
24 4.74882 14.4738 -0.195214
25 19.365 19.511 -0.642381
26 4.22638 12.823 0.127637
27 0.662532 1.80676 -0.398631
28 1.89887 4.4772 -0.437181
29 4.0759 12.5281 -0.298031
30 0.724286 2.45557 -0.248691
31 2.23527 5.52647 -0.409418
32 1.21191 3.3154 -0.00823942
33 1.35975 3.4602 -0.224938
34 1.5862 4.19341 -0.279125
35 0.582765 2.38458 -0.295879
36 0.858161 1.83337 -0.0142173
37 2.12707 4.99047 -0.0449805
38 1.73627 4.46251 -0.123895
39 0.56484 1.84082 -0.0841788
40 19.6945 19.7451 -0.382186
41 1.24345 2.75274 -0.217448
42 1.7283 4.6745 -0.615864
43 1.60607 4.8627 -0.111349
44 4.37868 13.3523 0.127896
45 4.06478 11.8498 -0.133616
46 0.947036 2.46242 -0.480943
47 4.79806 15.5042 -0.0675513
48 0.410221 1.19809 -0.0172095
49 1.69879 3.84054 -0.481829
50 1.1024 2.7512 -0.379276
51 1.86236 4.15572 -0.362673
52 4.76111 15.2222 0.2107
53 1.17721 2.6998 -0.531876
54 19.3233 18.9651 -0.329722
55 1.22614 3.0097 -0.00498798
56 14.2786 14.1146 -0.953323
57 3.66548 12.0362 -0.0704879
58 0.715876 2.09548 -0.164043
59 19.526 19.4293 -0.310787
60 13.7035 13.9114 -1.00866
61 0.47134 1.69042 -0.0859289
62 4.83776 15.2854 -0.209476
63 1.08093 3.34018 -0.0336891
64 4.84766 15.3255 0.0873991
65 19.676 0.674184 -0.478414
66 19.4963 0.162062 -0.275662
67 0.832886 2.72064 -0.289088
68 0.845909 2.32582 -0.541029
69 19.6877 0.227115 -0.179263
70 3.34259 12.4034 -0.250404
71 2.15226 5.37757 -0.394743
72 1.73776 3.6872 -0.310398
73 4.27609 13.8646 0.0392891
74 4.25608 13.8671 0.0576557
75 1.64132 3.78687 -0.128296
76 1.35032 3.4711 -0.475027
77 1.16624 2.67057 -0.314788
78 0.660789 2.26045 -0.207002
79 0.993879 2.28578 -0.459305
80 19.8836 0.600689 -0.142163
81 19.5894 19.8722 -0.690946
82 0.308781 1.78961 0.0140501
83 4.01587 12.8133 -0.14032
84 1.30516 2.81544 -0.375181
85 2.14942 5.13047 -0.502515
86 1.53332 3.93479 -0.464155
87 19.4921 19.3065 -0.632203
88 19.4532 19.6881 -0.0905787
89 3.97919 8.36607 -0.138337
90 19.8741 19.7691 -0.125482
91 1.90476 4.89318 -0.411389
92 6.65111 4.90419 2.94836
93 4.79466 14.4551 -0.118887
94 1.15636 3.5588 -0.328238
95 1.02569 2.52712 -0.0943823
96 9.85796 0.767125 0.776279
97 0.949125 3.07174 -0.0205765
98 1.58974 3.8298 -0.424438
99 0.658099 2.35492 -0.171194
