100
Particles
0 11.307 19.7299 -0.219106
1 11.3105 19.7501 -0.0770824
2 11.3128 0.03408 -0.334332
3 11.2884 19.9084 -0.205158
4 11.2832 19.0995 0.139068
5 11.2722 19.5855 0.245422
6 11.3044 19.4432 -0.129765
7 11.353 0.0594866 -0.122149
8 11.3023 19.8147 0.211618
9 11.3054 0.0178234 0.0264639
10 11.2815 19.8352 -0.305678
11 11.3432 0.113785 -0.0632767
12 11.3035 19.747 -0.332613
13 11.3238 19.6619 0.188981
14 11.2702 0.184001 -0.149082
15 11.2395 19.4475 -0.24118
16 11.3228 0.736324 -0.241404
17 11.2898 19.6754 0.199029
18 11.2983 19.6899 -0.0167653
19 11.308 0.0168837 -0.10371
20 11.3395 19.9068 -0.0142068
21 11.2847 19.4305 0.201503
22 11.2907 19.862 0.152575
23 11.3126 0.0397095 0.0947591
24 11.3034 19.8718 -0.278957
25 11.2719 19.1359 -0.200365
26 11.3086 19.5393 -0.312978
27 11.2931 19.9356 0.0821228
28 11.299 19.8722 -0.315839
29 11.3496 0.0211032 -0.215215
30 11.339 19.8707 -0.132023
31 11.285 19.7141 -0.179363
32 11.3145 19.9019 0.176449
33 11.3016 19.7168 -0.0274221
34 11.282 0.110413 0.254653
35 11.2663 19.8345 -0.161578
36 11.2748 19.2121 0.209613
37 11.3109 19.7801 0.274344
38 11.2935 0.112213 -0.237089
39 11.2862 19.4493 -0.0882498
40 11.2776 19.4309 0.176821
41 11.3 18.9549 0.26938
42 11.3197 0.110059 0.0580536
43 11.3355 19.9793 -0.109796
44 11.3006 19.9818 -0.216639
45 11.3461 19.9297 -0.279879
46 11.321 19.2583 0.0907616
47 11.3367 0.353231 -0.319519
48 11.32 19.8045 -0.258293
49 11.3284 19.9365 -0.240311
50 11.3073 19.4198 -0.315117
51 11.305 19.4077 0.102753
52 11.3258 0.045384 -0.0587139
53 11.2621 19.4195 -0.327761
54 11.2841 19.2271 -0.203548
55 11.3348 19.9766 -0.222943
56 11.3391 19.5831 -0.325149
57 11.2819 0.0275264 0.224061
58 11.3161 19.6172 0.192561
59 11.2761 19.3391 0.243222
60 11.3158 0.183578 -0.299589
61 11.3007 19.6974 -0.244083
62 11.2891 0.276768 -0.157826
63 11.3109 0.0589338 0.180097
64 11.2928 0.216111 0.00930168
65 11.2397 19.7545 0.234094
66 11.3316 19.702 0.271984
67 11.2916 0.740826 -0.254692
68 11.311 19.5038 0.0688343
69 11.3231 19.7123 0.159337
70 11.3348 0.299783 0.120995
71 11.3364 0.241889 0.171113
72 11.3449 19.8231 0.00219016
73 11.3424 19.9288 0.0366795
74 11.3036 0.136533 0.281189
75 11.3131 0.0443865 -0.0848957
76 11.3251 19.8241 -0.325583
77 11.2752 19.3621 -0.122756
78 11.3206 19.9613 -0.313015
79 11.3349 19.6868 0.0163573
80 11.3135 19.7073 0.00632146
81 11.3274 19.5742 -0.165019
82 11.333 19.6244 0.0152072
83 11.3286 0.325255 0.0167036
84 11.2942 19.3344 0.238484
85 11.3139 19.5806 -0.042126
86 11.2903 0.0665357 0.058983
87 11.256 19.3196 -0.1373
88 11.2914 19.1923 -0.33285
89 11.2905 19.316 -0.198848
90 11.3014 19.63 -0.0154781
91 11.3141 19.9278 -0.021792
92 11.3443 19.8749 0.156487
93 11.3001 0.0667869 -0.0857759
94 11.286 19.7645 0.163541
95 11.2977 19.6658 -0.0184587
96 11.317 19.3569 -0.271002
97 11.2749 19.7748 0.238715
98 11.2981 19.7424 -0.0323531
99 11.2928 19.8422 0.150091
