100
Particles
0 1.92896 1.7465 -0.458952
1 1.91069 1.66578 -0.603452
2 2.29633 2.44983 -0.0306015
3 3.33887 5.51218 -0.253168
4 1.50383 0.539069 -0.242531
5 2.09496 2.5446 -0.217276
6 1.69877 1.69292 -0.275248
7 4.97296 12.1293 -0.15751
8 5.10193 12.8432 0.140713
9 2.45601 2.95281 -0.539826
10 3.23596 5.42418 -0.539546
11 2.43851 3.44428 -0.0868809
12 1.70467 1.23983 -0.135168
13 1.0983 0.0547061 -0.127314
14 5.40496 13.7411 0.0290735
15 14.6992 12.6953 -0.910909
16 5.36969 13.7205 -0.182146
17 2.84291 3.51944 -0.211017
18 14.7805 12.5667 -0.607453
19 0.838591 0.0308636 0.0513411
20 3.4952 5.4562 -0.41302
21 4.6791 11.0741 -0.0718685
22 2.81296 3.87151 -0.25618
23 3.09963 4.26617 -0.154899
24 5.98214 14.3031 -0.211218
25 0.55612 19.161 -0.270172
26 5.45827 12.8229 0.160981
27 1.8823 1.60691 -0.0666536
28 3.06117 4.10872 -0.107128
29 5.28991 12.5524 -0.374489
30 1.88953 2.03137 -0.305271
31 3.44259 5.25603 -0.0879535
32 2.39684 2.99171 -0.180567
33 2.4958 2.98869 -0.111261
34 2.77827 3.84366 -0.304341
35 1.79178 2.13162 -0.18129
36 2.0128 1.42947 -0.27778
37 3.29833 4.61889 -0.112205
38 2.93509 4.13883 -0.18651
39 1.71983 1.44466 -0.42488
40 0.878286 19.4157 -0.374541
41 2.41262 2.38451 -0.40533
42 2.87715 4.23602 -0.298576
43 2.78606 4.53379 -0.473345
44 5.60279 13.5035 0.157045
45 5.2991 11.7024 -0.000133629
46 2.1394 2.18452 -0.466961
47 6.00787 15.2083 -0.185147
48 1.58194 0.859097 -0.618183
49 2.8387 3.41451 -0.641843
50 2.24521 2.26223 -0.561838
51 3.08855 3.92953 -0.242494
52 5.94193 14.8412 -0.188449
53 2.37208 2.4434 -0.612703
54 0.503637 18.5709 -0.185571
55 2.36856 2.55237 -0.355826
56 15.1506 13.2523 -0.495836
57 4.89576 11.8759 -0.234736
58 1.87972 1.6862 -0.501055
59 0.657412 18.916 -0.498422
60 14.6466 13.1299 -0.363398
61 1.64189 1.27306 -0.393413
62 6.03419 14.9962 -0.470508
63 2.29865 3.13884 -0.0650061
64 6.07027 15.0922 -0.167037
65 0.860874 0.324048 -0.174465
66 0.701568 19.8942 -0.443612
67 2.03987 2.42989 -0.287244
68 2.01846 1.91004 -0.486621
69 0.805511 19.7158 -0.558213
70 4.57556 12.2197 -0.143106
71 3.33588 5.03854 -0.0841219
72 2.82453 3.10337 -0.170762
73 5.50389 13.9461 -0.218137
74 5.49261 13.762 0.0198311
75 2.84874 3.55123 -0.121327
76 2.50833 3.08576 -0.661349
77 2.26571 2.08876 -0.437693
78 1.83485 1.90769 -0.589281
79 2.09665 1.70743 -0.636735
80 1.07722 0.278812 -0.095542
81 0.792353 19.566 -0.0304087
82 1.48126 1.44628 -0.363109
83 5.22647 12.6805 -0.318995
84 2.52704 2.57577 -0.156744
85 3.36138 4.92732 -0.40355
86 2.71061 3.56138 -0.424779
87 0.693595 19.0379 -0.0182828
88 0.660229 19.4841 -0.508181
89 5.21167 8.33897 0.170691
90 1.09202 19.5181 -0.0460176
91 3.06751 4.45708 -0.414833
92 5.40969 4.81776 -3.16999
93 6.02775 14.3623 0.112699
94 2.2746 3.01309 -0.32811
95 2.24034 2.24943 -0.0979108
96 10.5932 1.75751 0.760473
97 2.09219 2.58958 -0.381018
98 2.70678 3.2893 -0.242245
99 1.87016 2.08773 -0.183681
