100
Particles
0 3.07374 1.31409 -0.553759
1 3.0359 1.15571 -0.355014
2 3.42589 1.91739 -0.374859
3 4.4934 5.14258 -0.419614
4 2.67974 0.129157 -0.365886
5 3.25408 2.10334 -0.489341
6 2.83209 1.18633 -0.35515
7 6.1844 11.9631 -0.460698
8 6.30508 12.6185 -0.419558
9 3.68694 2.80006 -0.0293867
10 4.37059 4.9082 -0.404855
11 3.59578 3.03888 -0.468268
12 2.77802 0.612515 -0.567857
13 2.23466 19.5827 -0.4427
14 6.62757 13.5535 -0.3577
15 15.8135 12.2187 -0.306021
16 6.58794 13.6041 -0.344717
17 4.06115 3.30923 -0.0137633
18 15.9533 12.1497 -0.364186
19 1.97006 19.5171 -0.492588
20 4.68891 5.08599 -0.309468
21 5.83313 10.7331 -0.567914
22 4.04312 3.70479 -0.184066
23 4.30579 4.04254 -0.241229
24 7.2148 14.2616 0.121449
25 1.68021 18.655 -0.631892
26 6.66958 12.5257 -0.255431
27 3.04848 1.20775 -0.0869
28 4.24471 3.73214 -0.506098
29 6.47234 12.1886 -0.422458
30 3.04612 1.60997 -0.122998
31 4.60199 4.82362 -0.482353
32 3.55934 2.58967 -0.381201
33 3.7386 2.88887 -0.134834
34 3.97665 3.64074 -0.0319262
35 2.94488 1.69943 -0.111412
36 3.09449 0.851487 -0.663564
37 4.47544 4.28367 -0.479687
38 4.14246 3.88051 -0.280922
39 2.87327 1.02248 -0.27096
40 2.10925 19.2138 -0.186231
41 3.5521 1.91216 -0.154132
42 4.07686 3.99851 -0.110305
43 3.97703 4.22845 -0.20388
44 6.84615 13.4973 0.0355281
45 6.45112 11.267 -0.601644
46 3.27634 1.73644 -0.525296
47 7.24644 15.1959 0.172488
48 2.7667 0.493281 -0.33682
49 4.06132 3.22087 -0.0840045
50 3.35072 1.69539 -0.568327
51 4.30992 3.76838 -0.161608
52 7.15429 14.9051 0.209915
53 3.57036 2.12683 -0.0914202
54 1.6188 18.0426 -0.615555
55 3.54067 2.18974 -0.350804
56 16.2921 12.8098 -0.369844
57 6.06166 11.4633 -0.12325
58 2.98234 1.11378 -0.356643
59 1.84479 18.5742 -0.0862125
60 15.8337 12.7876 -0.106648
61 2.82894 0.896322 -0.418211
62 7.25158 15.0628 0.273813
63 3.50454 2.85767 -0.503616
64 7.30334 15.0896 -0.227589
65 2.01192 19.8536 -0.341242
66 1.89722 19.6526 -0.151285
67 3.24906 2.15862 -0.0867489
68 3.16056 1.42637 -0.3074
69 1.95539 19.2579 -0.423902
70 5.7822 11.9405 -0.0303641
71 4.52122 4.69352 -0.492941
72 4.02379 2.84689 -0.340341
73 6.72379 13.7965 -0.381661
74 6.71703 13.6306 -0.194377
75 4.05091 3.31881 -0.454298
76 3.6683 2.68809 -0.0749332
77 3.43524 1.70738 -0.377048
78 3.00275 1.54299 -0.126544
79 3.23575 1.262 -0.296886
80 2.24604 19.8839 -0.389255
81 1.95569 19.1414 -0.180533
82 2.58386 0.914652 -0.358901
83 6.45031 12.4747 -0.286711
84 3.71341 2.23179 -0.205711
85 4.57251 4.71551 -0.149119
86 3.92775 3.35493 -0.349702
87 1.8545 18.5941 -0.331494
88 1.81934 19.0677 -0.106523
89 6.42065 8.58612 0.000383093
90 2.25784 19.1273 -0.46346
91 4.28187 4.21676 -0.0268664
92 5.1817 4.9357 -0.324158
93 7.25484 14.1851 -0.245191
94 3.51413 2.89057 -0.00130699
95 3.3722 1.82574 -0.0526339
96 11.4544 2.64989 0.982675
97 3.23122 2.10323 -0.494305
98 3.9009 2.95737 -0.262165
99 3.0839 1.83682 -0.447766
