100
Particles
0 4.26882 1.03726 -0.112683
1 4.219 0.75847 -0.301042
2 4.6205 1.60443 -0.247036
3 5.65275 4.7734 0.0251705
4 3.74101 19.4892 -0.467268
5 4.43491 1.75723 -0.406695
6 4.06016 0.965528 -0.207231
7 7.28119 11.4451 -0.679252
8 7.41619 12.1191 -0.693293
9 4.82689 2.33357 -0.504759
10 5.57332 4.61658 -0.160324
11 4.811 2.84918 -0.0223559
12 3.86274 19.9964 -0.516218
13 3.30528 18.9643 -0.239032
14 7.84378 13.7812 0.378682
15 17.0233 12.1406 0.223853
16 7.80045 13.3958 0.0508834
17 5.23355 2.89768 -0.143659
18 17.1811 12.0924 0.218809
19 3.04856 18.9135 -0.420716
20 5.862 4.68086 -0.252704
21 6.96117 10.2744 -0.216322
22 5.2787 3.53387 -0.258317
23 5.5207 3.8671 0.0685417
24 8.4577 14.3612 -0.0126048
25 2.76787 18.13 -0.703722
26 7.79936 12.0661 -0.163479
27 4.21933 0.80497 -0.567487
28 5.45391 3.42994 -0.174802
29 7.54978 11.5649 -0.554647
30 4.23694 1.26276 -0.118826
31 5.82794 4.6739 0.0314442
32 4.71109 2.15374 -0.0938993
33 4.89702 2.52511 -0.416182
34 5.15952 3.27708 -0.18117
35 4.08319 1.22459 -0.453714
36 4.23357 0.408292 -0.0674803
37 5.61974 3.79814 -0.436005
38 5.35632 3.63458 -0.292736
39 4.02465 0.548631 -0.258177
40 3.29976 18.8543 -0.314948
41 4.69094 1.45148 -0.088909
42 5.32205 3.94791 -0.0542777
43 5.18023 3.94494 -0.129407
44 8.04902 13.711 0.462773
45 7.60188 10.8266 -0.674332
46 4.43641 1.32798 -0.581944
47 8.47179 15.3441 0.00671768
48 3.86553 19.942 -0.256489
49 5.27887 3.08207 -0.504219
50 4.56886 1.45637 -0.00792697
51 5.5079 3.46673 -0.402214
52 8.39624 14.9827 0.0130084
53 4.74959 1.74719 -0.377979
54 2.76207 17.5618 -0.412656
55 4.73395 1.87518 -0.399023
56 17.5351 12.7385 0.00160894
57 7.24315 11.0649 -0.366473
58 4.13665 0.67301 -0.238253
59 2.95834 18.0349 -0.328495
60 17.0552 12.64 0.0485003
61 4.01803 0.52187 -0.334472
62 8.4879 15.1647 -0.0139756
63 4.69822 2.5866 -0.0693192
64 8.55181 15.1482 0.0263381
65 3.15062 19.4229 -0.251528
66 3.06167 19.2825 -0.290145
67 4.42692 1.79904 -0.426763
68 4.29428 0.975737 -0.278107
69 3.07595 18.729 -0.41372
70 6.93281 11.5034 -0.256007
71 5.72099 4.45508 -0.105516
72 5.23628 2.66561 -0.279734
73 7.96754 13.7302 -0.0143129
74 7.95099 13.6412 0.032477
75 5.24738 2.99408 -0.0969776
76 4.83612 2.3475 -0.0399121
77 4.63144 1.42141 -0.533415
78 4.17048 1.13951 -0.488033
79 4.42401 0.884125 -0.28219
80 3.40518 19.4242 -0.29337
81 3.07229 18.6033 -0.674581
82 3.74478 0.544716 -0.415446
83 7.56312 11.9288 -0.471945
84 4.86903 1.776 -0.265235
85 5.79602 4.51411 -0.00188713
86 5.1096 3.04407 0.0274283
87 2.98866 18.0902 -0.441173
88 2.94076 18.5227 -0.352817
89 7.61838 8.92362 0.178044
90 3.3083 18.4644 -0.432897
91 5.50511 4.045 0.026736
92 6.38466 4.6483 -0.329421
93 8.47411 14.3406 0.207872
94 4.73654 2.68063 0.0229597
95 4.54481 1.45892 -0.440951
96 12.1272 3.69851 1.08689
97 4.44127 1.80289 -0.21767
98 5.10886 2.66759 -0.263373
99 4.21575 1.36908 -0.49066
