100
Particles
0 5.44253 0.641459 -0.341
1 5.31717 0.218103 -0.633834
2 5.8022 1.24451 -0.558641
3 6.88578 4.57345 -0.133819
4 4.94453 19.1769 -0.428018
5 5.58229 1.33121 -0.511263
6 5.23325 0.62829 -0.12478
7 8.23182 10.6638 -0.83723
8 8.424 11.4285 -0.453656
9 6.0475 2.18449 0.0128696
10 6.80222 4.52047 -0.380315
11 5.9958 2.50916 -0.428991
12 4.9953 19.5751 -0.466596
13 4.49502 18.6219 -0.379396
14 9.0342 14.0427 0.0489449
15 18.2589 12.0779 -0.119124
16 8.9822 13.6974 0.515589
17 6.44623 2.70663 -0.379871
18 18.4144 12.0519 -0.109917
19 4.22561 18.5216 -0.0988173
20 7.09075 4.52259 0.0651692
21 7.90011 9.46593 -0.762836
22 6.49155 3.37683 0.00273207
23 6.75254 3.80177 -0.219465
24 9.66773 14.6358 0.152515
25 3.89366 17.6483 -0.291449
26 8.7724 11.3156 -0.349156
27 5.40347 0.406329 -0.272244
28 6.68158 3.2684 -0.0626231
29 8.56463 10.8598 -0.627237
30 5.38413 0.818507 -0.0877003
31 7.05444 4.64698 -0.12965
32 5.91347 1.88195 -0.465491
33 6.07798 2.18317 -0.406298
34 6.37781 3.15248 -0.379282
35 5.20197 0.692375 -0.621263
36 5.3697 19.9386 -0.195193
37 6.81521 3.4909 -0.44298
38 6.58063 3.49961 -0.17366
39 5.19528 0.164539 -0.49878
40 4.51405 18.5938 -0.423432
41 5.8534 1.05665 -0.622657
42 6.52925 3.7048 -0.417759
43 6.41788 3.95816 -0.19401
44 9.21562 14.1457 0.397842
45 8.60822 10.1367 -0.385207
46 5.54701 0.804321 -0.0612012
47 9.69818 15.5262 0.291128
48 5.05908 19.6222 -0.259322
49 6.50942 3.00329 -0.0260756
50 5.75077 1.10871 -0.539252
51 6.71177 3.27246 -0.415871
52 9.60869 15.0865 -0.121078
53 5.95868 1.49418 -0.441167
54 3.88812 17.0454 -0.536676
55 5.86327 1.36069 -0.237454
56 18.7553 12.6928 -0.160923
57 8.25739 10.3505 -0.474763
58 5.23067 0.0939629 -0.677142
59 4.13548 17.6423 -0.491303
60 18.2998 12.65 0.125594
61 5.19374 0.178867 -0.300767
62 9.70191 15.2921 -0.248655
63 5.84644 2.10005 -0.42214
64 9.78966 15.1267 -0.0816313
65 4.36492 19.1588 -0.396666
66 4.12233 18.6272 -0.499907
67 5.604 1.4212 -0.317489
68 5.52096 0.788239 -0.084203
69 4.22763 18.2717 -0.457854
70 7.83642 10.6625 -0.843853
71 6.95731 4.46842 0.0380566
72 6.46512 2.62099 0.104467
73 9.11992 14.168 0.457234
74 9.1239 14.0406 0.51353
75 6.48148 2.85472 -0.089531
76 6.0642 2.1556 -0.17893
77 5.76558 0.956486 -0.0986011
78 5.39087 0.900933 -0.0731951
79 5.49625 0.296058 -0.662915
80 4.60093 19.1059 -0.039385
81 4.15058 18.0288 -0.680061
82 4.89228 0.110307 -0.11395
83 8.58953 11.2414 -0.677725
84 6.09666 1.61956 -0.00965805
85 7.0154 4.3514 -0.0289433
86 6.31355 2.7861 -0.363005
87 4.06161 17.4791 -0.678854
88 4.11352 18.1156 -0.26082
89 8.67763 9.32591 -0.409423
90 4.3937 17.8549 -0.469507
91 6.69059 3.66358 -0.321249
92 7.57943 4.3359 -0.382021
93 9.71457 14.3762 0.25502
94 5.92782 2.34957 -0.116345
95 5.6608 0.911293 -0.416737
96 12.5438 4.86752 1.13538
97 5.6321 1.52682 -0.480144
98 6.29744 2.31918 -0.317197
99 5.39736 0.973772 -0.270248
