100
Particles
0 6.58181 0.17124 -0.4706
1 6.39768 19.618 -0.238722
2 6.95968 0.80514 -0.525377
3 8.116 4.40133 -0.0764071
4 6.08798 18.7091 -0.285092
5 6.58476 0.591915 -0.691893
6 6.29615 19.9985 -0.298917
7 9.30104 10.0353 -0.461645
8 9.45721 10.8057 -0.7975
9 7.21669 1.79588 -0.49321
10 8.04101 4.4912 -0.123402
11 7.18782 2.21629 -0.242277
12 6.07776 18.9941 -0.574698
13 5.55566 17.9652 -0.607729
14 10.2194 14.3373 0.117309
15 19.4918 12.0597 0.167612
16 10.1891 13.9473 0.133352
17 7.6145 2.3106 -0.445082
18 19.6326 11.9689 -0.345308
19 5.27862 17.8753 -0.349138
20 8.32006 4.46057 -0.358308
21 9.04985 9.01317 -0.335443
22 7.70904 3.19417 0.155365
23 7.97232 3.60278 -0.0421391
24 10.8926 14.8231 0.164056
25 4.93855 16.9653 -0.604751
26 9.784 10.5974 -0.688144
27 6.52045 19.8834 -0.245865
28 7.9191 3.19115 0.0296843
29 9.7062 10.3848 -0.214532
30 6.56681 0.434141 -0.419538
31 8.25952 4.39715 -0.0590494
32 7.01896 1.32906 -0.201639
33 7.28888 1.87352 -0.231676
34 7.58963 2.91114 -0.130111
35 6.31167 0.148019 -0.673889
36 6.40409 19.2481 -0.652737
37 8.03242 3.33131 -0.0236644
38 7.80372 3.36227 -0.0855672
39 6.32298 19.6472 -0.573062
40 5.64661 18.1434 -0.582102
41 6.98119 0.534568 -0.498231
42 7.77041 3.65139 0.0296402
43 7.66438 3.88377 -0.0839898
44 10.432 14.4047 0.119492
45 9.68858 9.56928 -0.749921
46 6.70254 0.398369 -0.232536
47 10.9022 15.7221 0.474196
48 6.20222 19.1325 -0.416628
49 7.7293 2.86107 -0.373989
50 6.96714 0.834956 -0.131111
51 7.91006 2.97457 -0.169711
52 10.8289 15.2487 0.192279
53 7.0866 0.993894 -0.675995
54 4.90849 16.3737 -0.320603
55 6.94687 0.751919 -0.42459
56 19.9817 12.5602 -0.0934738
57 9.34796 9.83154 -0.783616
58 6.35434 19.6056 -0.293795
59 5.24811 17.1041 -0.370545
60 19.5255 12.5153 -0.365892
61 6.35957 19.7626 -0.399995
62 10.9246 15.4361 -0.0676921
63 6.97035 1.58816 -0.134903
64 11.0215 15.0903 0.017401
65 5.52611 18.6986 -0.344361
66 5.12547 17.901 -0.518095
67 6.75091 0.963146 -0.54914
68 6.7368 0.50692 -0.230819
69 5.31268 17.6893 -0.373162
70 8.97263 10.1968 -0.420136
71 8.15346 4.21374 -0.300803
72 7.68467 2.44621 -0.21105
73 10.3276 14.4873 0.294789
74 10.2981 14.3913 -0.00066664
75 7.67899 2.54164 -0.228262
76 7.23032 1.7848 -0.258769
77 6.84091 0.374641 -0.529269
78 6.55972 0.49134 -0.214658
79 6.65325 19.8711 -0.262862
80 5.6925 18.5271 -0.725347
81 5.28654 17.5261 -0.286013
82 6.01732 19.6122 -0.529922
83 9.65485 10.5962 -0.484684
84 7.25916 1.16946 -0.434893
85 8.21068 4.00806 -0.281258
86 7.53729 2.66026 0.0337463
87 5.12737 16.8668 -0.693855
88 5.21146 17.5809 -0.536437
89 9.72446 8.66048 -0.568681
90 5.47221 17.2321 -0.665227
91 7.92049 3.55228 0.148092
92 8.76714 3.96982 -0.3628
93 10.9279 14.6216 0.387166
94 7.08908 1.96602 -0.597908
95 6.78518 0.3713 -0.399753
96 13.2809 5.8703 0.792273
97 6.79676 1.12299 -0.454977
98 7.49173 2.00268 -0.13025
99 6.52984 0.478167 -0.257122
