100
Particles
0 7.6642 19.5569 -0.511619
1 7.52206 19.1017 -0.403336
2 7.95159 0.0532503 -0.775391
3 9.28895 4.0553 -0.500995
4 7.22616 18.2369 -0.277817
5 7.72938 0.156528 -0.760892
6 7.45404 19.5669 -0.575494
7 10.3041 9.31774 -0.865805
8 10.4856 10.1316 -0.684401
9 8.37604 1.36361 -0.53847
10 9.22094 4.12472 -0.442979
11 8.40787 1.96374 -0.353396
12 7.11894 18.3105 -0.650853
13 6.66438 17.4455 -0.160811
14 11.3891 14.7172 0.0107703
15 0.669246 11.6979 -0.351414
16 11.3925 14.1744 0.159391
17 8.83181 2.1125 -0.306857
18 0.804272 11.63 -0.0174785
19 6.33379 17.2193 -0.433076
20 9.50061 4.1384 -0.00965154
21 10.1066 8.42917 -0.82481
22 8.94246 3.06157 -0.208227
23 9.18466 3.35536 -0.439842
24 12.127 14.9956 0.000816843
25 5.97952 16.281 -0.469854
26 10.7421 9.8021 -0.837208
27 7.6483 19.4017 -0.4049
28 9.12769 2.88906 -0.260821
29 10.8254 9.87745 -0.314023
30 7.66719 19.8931 -0.276141
31 9.47068 4.19199 -0.199058
32 8.14885 0.860351 -0.20172
33 8.49193 1.56889 -0.0269978
34 8.82776 2.85182 -0.0403649
35 7.38056 19.5489 -0.695411
36 7.48918 18.6723 -0.169109
37 9.22691 3.0713 -0.011181
38 9.02963 3.23616 -0.106424
39 7.42755 19.0846 -0.652126
40 6.80163 17.7055 -0.203709
41 8.11472 0.0619816 -0.73459
42 8.93642 3.21865 -0.466216
43 8.90085 3.73893 -0.152056
44 11.5958 14.8359 0.47031
45 10.8299 9.08542 -0.438607
46 7.87386 19.967 -0.397502
47 12.1323 15.8148 0.275371
48 7.39233 18.7787 -0.415962
49 8.96493 2.94824 0.172618
50 8.0226 0.168677 -0.526808
51 9.10374 2.61472 -0.175601
52 11.9952 15.6421 0.0199403
53 8.23599 0.557753 -0.175809
54 5.97093 15.7427 -0.340479
55 8.11228 0.320438 -0.259454
56 1.17022 12.2759 -0.0403086
57 10.2993 9.02776 -0.807951
58 7.45516 19.0344 -0.495862
59 6.3884 16.6333 -0.221098
60 0.705481 12.1677 -0.427882
61 7.49886 19.3013 -0.738688
62 12.1258 15.6946 0.0989991
63 8.06829 1.03289 -0.543603
64 12.2017 15.3879 0.0839297
65 6.58737 18.05 -0.66844
66 6.26518 17.4757 -0.792468
67 7.87271 0.454728 -0.229387
68 7.79604 19.8543 -0.416258
69 6.40096 17.102 -0.714156
70 10.0611 9.63773 -0.703245
71 9.38309 4.07814 0.0903361
72 8.92846 2.43731 -0.12211
73 11.4904 14.9103 0.475047
74 11.4804 14.7776 0.403661
75 8.87837 2.2734 -0.263505
76 8.36944 1.30824 -0.274549
77 7.95984 19.8739 -0.195078
78 7.61413 19.8391 -0.511263
79 7.69355 19.2027 -0.620528
80 6.79753 18.0451 -0.145444
81 6.44021 17.0702 -0.270462
82 7.17183 19.1651 -0.358697
83 10.672 9.95483 -0.852773
84 8.34691 0.585356 -0.375906
85 9.38079 3.58026 -0.285484
86 8.77616 2.52408 -0.151027
87 6.13527 16.142 -0.792366
88 6.33339 17.0555 -0.38653
89 10.8274 8.09703 -0.673866
90 6.52933 16.5929 -0.610489
91 9.14253 3.36533 -0.36933
92 9.98398 3.74275 -0.122669
93 12.1253 14.9567 0.381867
94 8.24475 1.5448 -0.381472
95 7.86247 19.781 -0.622703
96 14.0389 6.84888 1.16245
97 7.90449 0.564755 -0.41853
98 8.73505 1.94115 0.0418186
99 7.57815 19.8541 -0.264535
