100
Particles
0 8.77543 19.0204 -0.523088
1 8.55762 18.4302 -0.681662
2 9.06504 19.5198 -0.247623
3 10.4821 3.81226 0.134628
4 8.35775 17.733 -0.38129
5 8.8224 19.5948 -0.1504
6 8.57013 19.0478 -0.30131
7 11.2066 8.50956 -0.520455
8 11.3863 9.28628 -0.607502
9 9.56763 1.06109 -0.374031
10 10.3911 3.73441 -0.169712
11 9.59507 1.65016 0.0171969
12 8.24823 17.8243 -0.116232
13 7.80061 16.9664 -0.191256
14 12.5946 14.9619 0.0567524
15 1.79355 11.1737 -0.530182
16 12.6182 14.3628 0.312905
17 9.97897 1.62848 -0.48741
18 1.99702 11.2898 -0.429363
19 7.50144 16.8028 -0.460781
20 10.725 4.01964 0.167194
21 10.9481 7.56437 -1.1197
22 10.1857 3.05386 0.0638689
23 10.3476 3.01496 -0.0996513
24 13.3501 15.0795 -0.118309
25 6.9542 15.5134 -0.485704
26 11.5532 8.87303 -0.986927
27 8.71442 18.775 -0.665989
28 10.3434 2.7312 -0.00267112
29 11.6877 9.00679 -1.09727
30 8.77763 19.3532 -0.305675
31 10.7001 4.09201 0.132561
32 9.34328 0.50798 -0.381848
33 9.72562 1.38326 -0.110037
34 10.0523 2.65201 -0.102636
35 8.52166 19.0995 -0.710893
36 8.59932 18.1139 -0.491994
37 10.4219 2.76449 -0.312807
38 10.228 2.90261 -0.411424
39 8.54735 18.5482 -0.47382
40 7.89978 17.1648 -0.538099
41 9.17368 19.4408 -0.750512
42 10.1598 3.0514 -0.254678
43 10.07 3.43692 -0.383083
44 12.7954 15.0736 -0.00827018
45 11.7408 8.25471 -0.876987
46 9.00028 19.4333 -0.40143
47 13.3707 15.8923 0.131567
48 8.53554 18.3124 -0.262237
49 10.1718 2.66447 -0.388165
50 9.0494 19.4791 -0.454061
51 10.31 2.41216 -0.0534614
52 13.2015 15.876 0.342614
53 9.3351 0.00168035 -0.235882
54 6.90962 14.924 -0.801297
55 9.19886 19.7801 -0.63021
56 2.29857 11.8152 -0.51414
57 11.024 8.02441 -1.13142
58 8.5467 18.4577 -0.321324
59 7.45515 16.0197 -0.491194
60 1.85187 11.716 -0.206563
61 8.6512 18.8709 -0.365438
62 13.3534 15.8283 -0.0017441
63 9.18909 0.494915 -0.319368
64 13.4424 15.3486 -0.237231
65 7.707 17.5663 -0.403643
66 7.39501 16.9774 -0.384074
67 8.97614 19.9027 -0.60932
68 8.96769 19.4685 -0.125371
69 7.50153 16.5111 -0.505174
70 10.8724 8.69938 -1.02086
71 10.6145 3.92182 -0.329962
72 10.086 2.02837 -0.545878
73 12.6898 15.2066 0.178804
74 12.7137 14.8626 -0.0207485
75 10.1007 2.12339 0.0248283
76 9.53657 0.910488 -0.248513
77 9.06271 19.3303 -0.550875
78 8.75418 19.3414 -0.252452
79 8.83092 18.7205 -0.582369
80 7.96876 17.6409 -0.410895
81 7.5571 16.573 -0.231663
82 8.26513 18.595 -0.678154
83 11.4822 9.01784 -0.684308
84 9.43444 0.0380951 -0.229153
85 10.6094 3.42698 -0.0971536
86 9.97017 2.21455 -0.0663562
87 7.12661 15.4054 -0.344705
88 7.37451 16.3821 -0.608029
89 11.6843 7.20799 -0.835243
90 7.65296 16.0581 -0.442706
91 10.3279 3.00272 -0.0677126
92 11.1939 3.5025 -0.221098
93 13.3075 15.2699 -0.0799578
94 9.46124 1.29534 -0.263197
95 8.94219 19.2048 -0.359443
96 14.1978 8.06549 1.54013
97 9.01851 0.0578723 -0.594879
98 9.95057 1.67139 -0.124846
99 8.65356 19.256 -0.668369
