100
Particles
0 9.86574 18.4582 -0.155764
1 9.74434 18.0739 -0.147102
2 10.1777 18.9864 -0.490906
3 11.6874 3.63977 0.150327
4 9.52085 17.3064 -0.180833
5 9.93607 19.0884 -0.494774
6 9.7349 18.6264 -0.24898
7 11.8937 7.48217 -1.11151
8 12.1108 8.30131 -0.912446
9 10.7849 0.806612 -0.193058
10 11.6175 3.54677 -0.242442
11 10.825 1.50908 -0.104065
12 9.33598 17.2169 -0.548285
13 8.93042 16.454 -0.442055
14 13.8184 14.9879 0.377106
15 2.95652 10.7308 -0.436501
16 13.8292 14.4837 0.429439
17 11.1974 1.4664 -0.344678
18 3.16957 10.871 -0.361673
19 8.57597 16.1993 -0.317321
20 11.9385 3.85961 -0.0455743
21 11.7459 6.63392 -0.971166
22 11.4074 2.93279 -0.320247
23 11.5776 2.94888 0.217392
24 14.5839 15.1285 0.200905
25 8.06775 14.999 -0.26043
26 12.2863 7.87217 -1.13531
27 9.81458 18.2075 -0.439142
28 11.572 2.57679 -0.0485361
29 12.5353 8.11202 -0.7203
30 9.91489 18.8985 -0.477429
31 11.9203 3.88767 0.00566516
32 10.487 0.0811721 -0.574183
33 10.9396 1.10714 -0.153457
34 11.2735 2.42231 -0.052841
35 9.65148 18.6122 -0.272979
36 9.72257 17.6484 -0.374169
37 11.6314 2.55126 -0.301269
38 11.4243 2.68012 -0.0465056
39 9.69325 18.0826 -0.456052
40 9.00952 16.662 -0.192159
41 10.3478 19.0272 -0.234369
42 11.3865 2.92091 -0.276274
43 11.2914 3.2062 -0.0734646
44 14.0177 15.3309 0.164885
45 12.6312 7.39715 -0.937321
46 10.1928 19.0722 -0.307064
47 14.6009 16.0018 0.136308
48 9.59367 17.6739 -0.379712
49 11.4051 2.59063 0.0966163
50 10.1484 18.9329 -0.431717
51 11.5248 2.2944 -0.124274
52 14.4246 15.9827 0.185003
53 10.4557 19.5099 -0.155367
54 7.9453 14.2432 -0.432627
55 10.368 19.3717 -0.32749
56 3.48949 11.5 -0.592646
57 11.7036 6.99103 -0.949101
58 9.67004 17.9424 -0.310232
59 8.62653 15.638 -0.229283
60 2.98864 11.2029 -0.531629
61 9.72208 18.2489 -0.670998
62 14.6 15.815 0.0215575
63 10.3879 0.17234 -0.240384
64 14.6672 15.2788 -0.0753157
65 8.8497 17.1286 -0.321324
66 8.52177 16.4806 -0.55131
67 10.1545 19.5625 -0.0888456
68 10.0998 18.9743 -0.632829
69 8.6855 16.1369 -0.512578
70 11.4155 7.59732 -1.27373
71 11.8096 3.66857 0.0773576
72 11.3232 1.94061 -0.0625173
73 13.9181 15.343 -0.0952831
74 13.9411 14.8708 0.245836
75 11.3374 2.07365 0.0815608
76 10.7721 0.796239 -0.0694521
77 10.1414 18.7197 -0.397308
78 9.86335 18.8099 -0.166679
79 9.97969 18.2608 -0.168627
80 9.04674 17.0379 -0.382342
81 8.662 16.0118 -0.559129
82 9.349 18.0206 -0.523232
83 12.1809 8.00762 -0.696713
84 10.5918 19.5787 -0.44605
85 11.8458 3.33642 -0.292065
86 11.1441 1.79987 -0.433664
87 8.2425 14.8735 -0.659325
88 8.54783 15.9813 -0.287203
89 12.4788 6.27791 -0.561152
90 8.72333 15.4247 -0.647739
91 11.5666 2.92929 0.123873
92 12.41 3.34561 -0.239439
93 14.509 15.4732 0.373434
94 10.6498 1.02723 -0.433804
95 10.0145 18.5889 -0.495526
96 13.7097 9.19902 2.08725
97 10.2426 19.8304 -0.186967
98 11.1507 1.38189 -0.472706
99 9.75568 18.7218 -0.157793
