100
Particles
0 11.0441 18.0702 -0.285838
1 10.8798 17.5976 -0.333935
2 11.2841 18.4246 -0.487398
3 12.9199 3.5665 0.102815
4 10.7353 17.0202 -0.221032
5 11.1159 18.7204 -0.360914
6 10.9144 18.2766 -0.177415
7 12.4629 6.37429 -1.15443
8 12.7134 7.22035 -0.808088
9 11.9934 0.622373 0.107861
10 12.8512 3.54808 0.0234445
11 12.0488 1.32975 -0.0611975
12 10.5216 16.8995 -0.313692
13 10.1463 16.1875 -0.101373
14 15.0145 15.1727 -0.143305
15 3.98296 10.0375 -0.552262
16 15.0659 14.5788 0.0881155
17 12.3928 1.24174 0.186348
18 4.13471 10.0973 -0.443112
19 9.69352 15.6749 -0.295219
20 13.1717 3.81136 -0.291878
21 12.6849 5.82007 -0.692452
22 12.6239 2.71076 0.0195873
23 12.8178 2.8375 -0.116742
24 15.8128 15.1914 0.322439
25 9.14446 14.428 -0.145982
26 12.9999 6.86673 -0.843728
27 10.9079 17.6621 -0.269117
28 12.8027 2.53298 -0.360053
29 13.1928 7.06568 -0.741595
30 11.0601 18.4461 -0.311438
31 13.1486 3.737 -0.227531
32 11.6234 19.5733 -0.426492
33 12.1644 0.901224 -0.0901466
34 12.5178 2.36075 -0.00537796
35 10.874 18.3787 -0.171403
36 10.8767 17.215 -0.363157
37 12.8662 2.40742 -0.273281
38 12.6521 2.50886 -0.315314
39 10.8528 17.7154 0.0128177
40 10.2542 16.6136 -0.076015
41 11.5158 18.6133 -0.176796
42 12.6339 2.90395 -0.0836364
43 12.4908 2.92807 0.0619647
44 15.2216 15.5272 -0.186326
45 13.3228 6.3746 -1.17527
46 11.2894 18.5184 -0.135569
47 15.8181 16.2177 0.331209
48 10.805 17.4168 -0.150594
49 12.6315 2.41194 -0.226759
50 11.2718 18.4415 -0.562586
51 12.7554 2.14725 0.0890341
52 15.6418 16.1497 0.352324
53 11.567 19.0048 -0.452166
54 9.005 13.6196 -0.348289
55 11.5049 18.8834 -0.418047
56 4.51061 10.8078 -0.306079
57 12.5741 6.10667 -0.648207
58 10.8843 17.7021 -0.350511
59 9.72182 15.1086 -0.170998
60 4.02629 10.5562 -0.358307
61 10.8721 17.7799 -0.495796
62 15.8223 15.898 -0.0226331
63 11.5347 19.6853 -0.329715
64 15.879 15.503 0.237655
65 10.0545 16.8399 -0.42841
66 9.73824 16.2128 -0.381043
67 11.2806 19.0608 -0.135236
68 11.2718 18.624 -0.0613398
69 9.83972 15.7044 -0.522879
70 12.1211 6.59033 -0.692132
71 13.0397 3.52428 -0.205725
72 12.5491 1.88782 0.0433639
73 15.1546 15.4134 -0.0570081
74 15.1881 14.8234 0.0455481
75 12.5766 2.10868 0.238595
76 11.9162 0.34324 -0.114807
77 11.3088 18.2918 -0.285076
78 11.0099 18.321 -0.414469
79 11.1396 17.8593 -0.521566
80 10.2317 16.7173 -0.426563
81 9.74134 15.4161 -0.29221
82 10.5078 17.6891 0.108746
83 12.8754 6.99378 -1.11325
84 11.6679 19.0032 -0.396791
85 13.0771 3.33871 0.0451712
86 12.3492 1.47365 -0.230188
87 9.38286 14.3817 -0.195581
88 9.63265 15.4166 -0.196699
89 13.3309 5.38446 -1.032
90 9.76229 14.7518 -0.319751
91 12.7979 2.83175 -0.122441
92 13.6494 3.41125 -0.00677768
93 15.741 15.5887 -0.12845
94 11.8445 0.679759 -0.360063
95 11.1829 18.1972 -0.563366
96 12.7349 9.9315 2.80101
97 11.3467 19.2576 -0.348766
98 12.3415 1.13091 -0.319167
99 10.8754 18.2345 -0.574327
