100
Particles
0 12.2308 17.7389 -0.0996173
1 12.0705 17.3215 0.0195211
2 12.4721 18.0891 -0.214324
3 14.1495 3.54994 -0.14927
4 11.9483 16.8286 0.0266969
5 12.2759 18.3302 -0.422458
6 12.0758 17.92 -0.452775
7 13.2181 5.39068 -0.715539
8 13.4558 6.23439 -0.962059
9 13.2319 0.541377 -0.24906
10 14.0828 3.43742 0.12059
11 13.2867 1.38993 0.157129
12 11.7092 16.5785 -0.535378
13 11.3619 16.0123 0.0410337
14 16.249 15.2502 0.157115
15 5.025 9.38092 -0.781112
16 16.2974 14.4714 0.0162445
17 13.6362 1.2646 -0.0938677
18 5.22014 9.51678 -0.753528
19 10.8897 15.4237 -0.0123477
20 14.4043 3.82832 0.108231
21 13.3992 4.83225 -0.707883
22 13.8221 2.76738 0.339987
23 14.0485 3.009 0.254089
24 17.0563 15.2582 0.069755
25 10.3854 14.5313 0.199804
26 13.7344 5.89701 -1.22786
27 12.0978 17.3454 -0.0533792
28 14.0327 2.46954 -0.147968
29 13.8887 6.05933 -1.2322
30 12.251 18.1128 -0.0103441
31 14.3711 3.86229 0.126124
32 12.7426 19.0341 -0.307701
33 13.4038 0.893752 -0.0621072
34 13.725 2.43643 0.445174
35 12.0577 18.0231 -0.326593
36 12.0197 16.7562 -0.081638
37 14.0965 2.437 0.111558
38 13.8804 2.68984 0.125225
39 11.9819 17.2301 -0.43827
40 11.4853 16.4779 -0.268203
41 12.7035 18.249 -0.29692
42 13.8742 3.01183 0.0253172
43 13.6994 3.23401 0.261311
44 16.4617 15.5847 0.153524
45 13.8384 5.24007 -1.17558
46 12.5105 18.2887 -0.0693679
47 17.0515 16.1806 -0.134621
48 12.0019 17.1049 -0.0203186
49 13.8701 2.36312 -0.0390549
50 12.4501 18.0592 -0.389775
51 13.9822 2.11359 0.0192419
52 16.8775 16.1142 -0.0702375
53 12.7726 18.7345 -0.104875
54 10.1285 13.0749 -0.434369
55 12.6489 18.4037 -0.530846
56 5.71605 10.5867 -0.555859
57 13.3064 5.11402 -0.786241
58 11.9952 17.2177 -0.518125
59 10.93 14.812 -0.181037
60 5.15595 10.0876 -0.700171
61 12.0975 17.5682 -0.0108833
62 17.03 16.0181 0.371577
63 12.6489 19.1646 -0.530826
64 17.1033 15.5756 0.244765
65 11.2846 16.7415 0.0804561
66 10.9656 16.0176 -0.136372
67 12.4249 18.5969 -0.504895
68 12.4789 18.3622 -0.0366502
69 11.0636 15.5199 -0.23209
70 12.7091 5.50735 -0.978793
71 14.2783 3.55186 -0.0734191
72 13.7611 1.89852 0.370836
73 16.3714 15.5736 -0.238188
74 16.4235 14.7907 0.158704
75 13.8007 2.20102 0.280528
76 13.0855 19.9169 -0.172511
77 12.5137 18.0516 0.0390992
78 12.1627 17.8851 -0.153195
79 12.348 17.6455 0.0275706
80 11.4421 16.4973 0.0477737
81 10.9432 15.1129 -0.332764
82 11.7353 17.4951 -0.108759
83 13.5005 5.92902 -0.975592
84 12.8119 18.5856 -0.533169
85 14.299 3.41287 0.344008
86 13.5694 1.63919 -0.182208
87 10.6111 14.4065 0.283652
88 10.8532 15.2809 0.197708
89 13.9857 4.37686 -0.467725
90 10.9823 14.5705 -0.211528
91 14.0223 2.99799 -0.146422
92 14.8918 3.52308 0.175704
93 16.9691 15.6293 0.250574
94 13.0673 0.542932 0.0913189
95 12.314 17.7315 -0.238634
96 11.536 10.2039 2.82426
97 12.5091 18.909 -0.140913
98 13.5536 0.850089 -0.119783
99 12.0651 17.867 -0.241814
