100
Particles
0 1.46571 19.9429 -0.0783854
1 1.47937 19.8658 -0.214285
2 1.47822 0.0402782 0.126626
3 1.47942 0.126796 0.242791
4 1.47949 0.0258912 0.0715737
5 1.47332 19.9966 0.271414
6 1.46376 0.0345567 -0.279704
7 1.48596 19.9755 0.200794
8 1.4768 19.7441 -0.209067
9 1.45689 0.161677 0.327905
10 1.45251 0.086201 0.301289
11 1.47773 0.102017 -0.139204
12 1.47777 19.916 -0.125804
13 1.4711 19.9611 0.25091
14 1.47641 0.135372 -0.0342596
15 1.46224 0.056605 0.318315
16 1.48781 0.0659926 0.0498918
17 1.47178 0.0731005 -0.134041
18 1.47009 19.9282 -0.0783208
19 1.48424 0.179308 0.114433
20 1.46949 0.127607 -0.0866776
21 1.49138 19.9039 -0.148257
22 1.46587 0.0483632 0.236476
23 1.4797 19.9926 0.0371677
24 1.47425 19.9229 -0.244378
25 1.48076 19.9343 -0.0250252
26 1.47208 19.9764 -0.210461
27 1.48939 0.115093 0.105964
28 1.48855 19.961 0.139151
29 1.48512 0.0646733 0.0577862
30 1.48447 0.137193 0.00874743
31 1.47596 19.8983 -0.179055
32 1.48478 0.118569 0.0709196
33 1.47927 0.10583 0.0432395
34 1.48179 0.0492079 -0.0292887
35 1.46537 0.250735 -0.07226
36 1.48261 0.108083 0.111785
37 1.45397 0.0222649 -0.242915
38 1.46466 19.8309 -0.241695
39 1.47733 19.8652 -0.107107
40 1.47488 0.045842 -0.0647351
41 1.47721 19.9864 0.0307092
42 1.47478 0.111416 0.281225
43 1.47478 0.0539384 0.147828
44 1.47486 0.0932497 -0.0886794
45 1.48688 19.9285 0.0175362
46 1.48805 19.8509 -0.135662
47 1.48311 0.215274 0.147818
48 1.47798 0.0676684 -0.271856
49 1.47256 19.9797 -0.00174188
50 1.4811 0.12246 -0.0790454
51 1.48497 19.9838 0.104073
52 1.47726 0.119224 0.253903
53 1.47235 19.8079 0.10113
54 1.46467 0.00427275 -0.141745
55 1.47366 19.9406 -0.14618
56 1.48005 0.0894697 -0.082813
57 1.47759 0.165284 0.272155
58 1.47861 19.844 -0.142527
59 1.46253 19.849 0.321348
60 1.47236 19.9999 -0.181466
61 1.47218 0.143855 0.265052
62 1.48081 0.0895345 -0.165821
63 1.47837 19.9312 0.0606251
64 1.46237 19.994 -0.0167334
65 1.46721 0.264263 0.260631
66 1.47487 0.0120287 -0.19459
67 1.4611 0.312807 0.0621103
68 1.46644 19.9802 -0.259243
69 1.48527 0.0829637 0.121779
70 1.47944 0.163872 0.043887
71 1.48061 0.167911 0.222623
72 1.48436 19.8291 -0.0806741
73 1.47284 0.0677356 0.231538
74 1.47607 0.0502349 0.00174352
75 1.46826 0.26869 0.232442
76 1.48968 19.9728 -0.110783
77 1.47923 0.0347506 -0.275846
78 1.48609 0.155703 0.137737
79 1.47846 19.8466 0.0606022
80 1.4842 0.0691327 -0.114986
81 1.47372 19.939 -0.202646
82 1.48721 0.0133483 0.187815
83 1.46186 19.9958 -0.272268
84 1.47954 19.8242 0.036205
85 1.46765 19.8933 -0.00503988
86 1.46577 19.9756 0.133126
87 1.47951 19.845 0.104946
88 1.46582 19.9272 0.268257
89 1.47701 19.977 0.262735
90 1.48226 0.0534926 -0.0399363
91 1.46348 19.9561 -0.231753
92 1.4813 19.9558 -0.0998396
93 1.47173 0.103676 0.248957
94 1.4811 19.9883 -0.142396
95 1.46862 19.8993 0.224709
96 1.48388 19.9678 0.00179849
97 1.46214 0.11659 -0.23884
98 1.46511 19.8882 0.224765
99 1.46962 0.144801 -0.276891
