100
Particles
0 12.5286 19.5788 -0.319437
1 12.5445 19.7807 0.215697
2 12.5311 0.0600457 -0.287456
3 12.5157 19.7304 0.0317539
4 12.516 19.0373 0.141735
5 12.4941 19.3838 -0.360069
6 12.5283 19.4898 0.152197
7 12.5918 0.196517 0.145837
8 12.5325 19.685 -0.137334
9 12.5328 19.9714 -0.28258
10 12.5148 19.7127 -0.0822304
11 12.5764 19.9569 -0.198578
12 12.5164 19.4676 -0.275473
13 12.5589 19.667 -0.10633
14 12.5071 0.127908 0.181552
15 12.4734 19.3964 0.259144
16 12.5593 0.831534 0.170011
17 12.5148 19.6425 -0.242401
18 12.5193 19.5451 0.129287
19 12.5363 19.8071 -0.0390345
20 12.576 0.0624797 0.00308468
21 12.5189 19.4064 0.0508781
22 12.5193 19.7418 -0.340325
23 12.5428 19.9608 -0.263112
24 12.5427 19.8413 -0.152103
25 12.5116 19.1338 0.128343
26 12.5375 19.4558 -0.269985
27 12.5095 19.8187 0.013609
28 12.5368 19.8517 0.0969097
29 12.5814 19.9912 0.065683
30 12.5413 19.7142 -0.357813
31 12.5347 19.7155 0.0184434
32 12.538 19.9048 0.0875986
33 12.5376 19.8232 0.0333324
34 12.5088 0.213845 0.0647075
35 12.506 19.7639 0.0904962
36 12.5146 19.1664 0.0484267
37 12.5399 19.8836 0.243372
38 12.5288 0.046772 -0.247225
39 12.5293 19.4112 0.145067
40 12.5124 19.3954 0.0523845
41 12.5293 18.847 0.213907
42 12.5363 19.9365 -0.357306
43 12.5658 19.8885 -0.131657
44 12.5377 0.0421294 0.0615919
45 12.5877 19.7966 -0.0538965
46 12.5503 19.1977 0.239293
47 12.5705 0.333375 0.0846868
48 12.5322 19.6382 -0.249908
49 12.5641 19.844 -0.0485503
50 12.5515 19.407 -0.0839492
51 12.5409 19.3435 -0.13793
52 12.5599 19.875 -0.0761257
53 12.4996 19.3501 -0.0851321
54 12.5153 19.052 -0.228423
55 12.564 19.9753 -0.252311
56 12.5734 19.6506 -0.109033
57 12.5269 19.9617 -0.0330071
58 12.5583 19.5501 0.0511859
59 12.5163 19.3717 0.201461
60 12.531 19.9389 -0.0353291
61 12.5351 19.747 0.108976
62 12.5099 0.262731 0.209339
63 12.5356 0.200271 0.244338
64 12.5027 19.9234 -0.256161
65 12.4791 19.8861 0.185039
66 12.5624 19.5868 0.107796
67 12.5172 0.665165 -0.258292
68 12.5533 19.483 -0.216614
69 12.5606 19.7563 0.171563
70 12.5657 0.191193 0.00772595
71 12.5657 0.215999 -0.265967
72 12.5906 19.7566 0.00781852
73 12.5829 19.8165 -0.123365
74 12.5349 19.9596 -0.0842105
75 12.5578 19.9667 -0.16239
76 12.5427 19.7553 0.214264
77 12.4944 19.2164 -0.0369001
78 12.5492 19.9392 -0.0316501
79 12.5459 19.4105 -0.257151
80 12.5374 19.5693 -0.150768
81 12.5511 19.4046 -0.297961
82 12.533 19.3932 0.216825
83 12.5542 0.107159 -0.247158
84 12.5211 19.2277 -0.279552
85 12.5531 19.5939 0.148872
86 12.5212 0.192064 0.192899
87 12.4918 19.1847 -0.203835
88 12.5255 19.2654 0.00491264
89 12.5252 19.216 0.108126
90 12.5253 19.6001 -0.326193
91 12.5423 19.8711 0.0549879
92 12.5848 19.9212 -0.0869737
93 12.534 0.168742 0.26202
94 12.4883 19.6845 -0.334895
95 12.5291 19.6722 0.0284525
96 12.5455 19.355 -0.337568
97 12.5142 19.692 0.00531785
98 12.5355 19.6526 0.0316701
99 12.5278 19.7657 -0.174026
