100
Particles
0 13.4226 17.4321 -0.103243
1 13.2849 17.1037 0.0550719
2 13.6629 17.8246 0.0558121
3 15.3678 3.57834 0.252979
4 13.178 16.6717 -0.0366793
5 13.4952 18.1476 -0.2679
6 13.2668 17.5915 -0.304484
7 14.0465 4.47424 -0.845858
8 14.1728 5.23377 -0.617605
9 14.435 0.210409 -0.358144
10 15.3099 3.52752 0.330128
11 14.5117 1.24237 -0.358711
12 12.898 16.3234 -0.442732
13 12.593 15.9529 -0.244491
14 17.4491 15.4458 -0.240233
15 5.95757 8.57378 -0.674719
16 17.5228 14.6044 0.00495747
17 14.8565 1.32034 0.228486
18 6.17706 8.7503 -0.51319
19 12.1075 15.4743 0.134957
20 15.6295 3.80191 -0.324548
21 14.3234 4.01268 -0.538737
22 15.0533 2.77006 -0.111724
23 15.2764 3.13052 -0.0376593
24 18.283 15.2751 -0.0374136
25 11.6095 14.4512 0.082998
26 14.5681 4.98776 -0.85292
27 13.3044 17.0888 -0.302352
28 15.2546 2.5923 -0.159349
29 14.69 5.11697 -0.761624
30 13.4622 17.8891 0.0816642
31 15.6065 3.8548 -0.167191
32 13.9401 18.7454 0.068388
33 14.6382 0.988304 -0.0767294
34 14.9313 2.73282 0.0590311
35 13.2303 17.6608 -0.386265
36 13.2221 16.5009 0.130195
37 15.324 2.6105 0.0924611
38 15.1082 2.62535 -0.197972
39 13.1838 16.9813 -0.493137
40 12.6888 16.155 -0.289114
41 13.8885 17.9048 -0.357772
42 15.1117 3.08952 0.0940795
43 14.9334 3.25215 -0.240882
44 17.6896 15.7265 0.285129
45 14.7847 4.44844 -0.793713
46 13.7028 17.9506 -0.348789
47 18.2631 16.248 -0.266009
48 13.1889 16.7536 -0.293549
49 15.1021 2.52659 0.322848
50 13.6574 17.8345 -0.15489
51 15.2262 2.14153 0.112592
52 18.1201 16.0879 -0.146988
53 13.9832 18.459 -0.115317
54 11.1342 12.3591 -0.719105
55 13.8674 18.1476 -0.253155
56 6.87639 10.142 -0.260102
57 14.2138 4.28057 -0.467767
58 13.2049 16.9615 -0.324778
59 12.1517 14.6052 -0.334188
60 6.0375 9.24631 -0.465183
61 13.3185 17.3613 -0.295288
62 18.2614 15.9287 -0.162609
63 13.8737 18.9947 -0.145058
64 18.3336 15.6495 -0.0232472
65 12.4954 16.5039 -0.119935
66 12.1679 15.7835 -0.462216
67 13.5923 18.2101 -0.470728
68 13.6904 18.2199 0.00424411
69 12.2997 15.3926 -0.26903
70 13.4969 4.5545 -0.663678
71 15.5105 3.62198 0.0249091
72 14.9807 1.95071 -0.211676
73 17.619 15.5431 -0.0237957
74 17.6438 14.8997 -0.221776
75 15.0388 2.19258 -0.201951
76 14.2729 19.5541 -0.364061
77 13.7164 17.7417 -0.169557
78 13.3222 17.4348 -0.204357
79 13.5413 17.3318 -0.221791
80 12.6327 16.1449 -0.48162
81 12.149 14.8184 -0.234091
82 12.9673 17.3207 -0.109509
83 14.318 4.99743 -0.999664
84 14.0144 18.3267 -0.385101
85 15.5368 3.29632 -0.141142
86 14.8045 1.65431 -0.166173
87 11.8097 14.0562 -0.279194
88 12.0614 15.0526 -0.432956
89 15.1526 3.93197 -0.389748
90 12.1704 14.2744 -0.434067
91 15.2356 3.23762 0.283231
92 16.1258 3.44536 -0.19312
93 18.1896 15.8396 0.0937937
94 14.3063 0.466793 -0.256937
95 13.4893 17.3492 -0.445677
96 10.3847 10.6658 2.66008
97 13.6757 18.4705 -0.39963
98 14.7662 0.7127 -0.371139
99 13.3074 17.745 -0.175762
