100
Particles
0 14.6252 17.2153 -0.283698
1 14.4875 16.8414 -0.117923
2 14.8407 17.4408 -0.241969
3 16.5944 3.53065 0.197717
4 14.4233 16.6914 0.0894366
5 14.7028 17.8832 -0.262632
6 14.4923 17.479 0.149462
7 15.0619 3.76291 -0.46587
8 15.0577 4.36899 -0.574345
9 15.6393 19.9445 -0.478426
10 16.5495 3.47356 -0.0506168
11 15.7247 1.04015 0.0693506
12 14.1009 16.055 0.0585105
13 13.7807 15.5853 -0.151639
14 18.6841 15.5383 0.129111
15 7.09554 8.08726 -0.623485
16 18.7599 14.7088 0.129726
17 16.1012 1.24924 0.0116928
18 7.33408 8.34947 -0.113341
19 13.2508 15.0583 -0.57073
20 16.8537 3.77563 -0.244973
21 15.3811 3.35981 -0.511765
22 16.2825 2.69425 0.170404
23 16.5203 3.11867 0.0424142
24 19.503 15.2748 0.256094
25 12.7262 13.9676 -0.478866
26 15.4952 4.16296 -0.743794
27 14.5209 16.9253 -0.430147
28 16.4956 2.52095 -0.228555
29 15.6454 4.33658 -0.576477
30 14.6477 17.5152 -0.248391
31 16.8347 3.92606 -0.0878307
32 15.1348 18.4794 0.139796
33 15.8318 0.673064 -0.484234
34 16.1661 2.68661 -0.114434
35 14.4334 17.4216 0.139259
36 14.4329 16.3116 0.114995
37 16.5568 2.61514 0.179875
38 16.3368 2.54055 0.195703
39 14.4097 16.8803 -0.152686
40 13.8951 15.9183 -0.0102739
41 15.1153 17.6733 -0.16703
42 16.3422 3.06513 -0.0364011
43 16.1626 3.13887 -0.226075
44 18.9189 15.8031 0.218702
45 15.8545 3.8808 -0.420668
46 14.9096 17.6512 -0.278842
47 19.5018 16.3632 0.120218
48 14.4136 16.5923 -0.245104
49 16.3294 2.40419 0.207707
50 14.8507 17.5179 -0.0173229
51 16.4526 2.22602 -0.29761
52 19.3568 16.0187 -0.081257
53 15.1992 18.347 0.146897
54 12.0838 11.5642 -0.518871
55 15.1136 18.1097 0.0466253
56 8.10149 10.2452 0.335728
57 15.2364 3.59482 -0.374054
58 14.4279 16.7257 -0.133888
59 13.2863 14.1306 -0.488992
60 7.17835 8.74186 -0.436344
61 14.5385 17.1641 -0.197802
62 19.4946 16.0426 0.244625
63 15.0673 18.7485 -0.0149026
64 19.5541 15.4966 -0.319212
65 13.6783 16.1339 -0.4113
66 13.3242 15.3756 -0.121802
67 14.804 17.9982 -0.0807849
68 14.9119 18.088 -0.0388399
69 13.4635 14.9821 -0.316424
70 14.4638 3.77705 -0.595624
71 16.7458 3.52792 -0.131349
72 16.2161 1.92387 -0.151898
73 18.8573 15.4017 -0.0736322
74 18.8824 14.7917 -0.114465
75 16.2798 2.14543 -0.0537051
76 15.4713 19.2615 -0.337239
77 14.9482 17.6775 0.0142315
78 14.541 17.324 -0.0152001
79 14.7427 17.138 0.064318
80 13.8205 15.8423 -0.367268
81 13.2445 14.2287 -0.461914
82 14.1616 16.9826 -0.261308
83 15.2563 4.22941 -0.829395
84 15.2505 18.2507 0.0979736
85 16.768 3.24213 -0.113616
86 16.0253 1.49547 -0.227731
87 12.9097 13.4903 -0.435879
88 13.1958 14.6004 -0.691373
89 16.3794 3.78666 -0.247781
90 13.2811 13.7478 -0.688276
91 16.4648 3.16985 0.0452649
92 17.3593 3.41292 -0.228618
93 19.4128 15.7377 0.0964053
94 15.4791 0.0633734 -0.289279
95 14.7204 17.2342 0.153685
96 9.45678 11.4774 2.26548
97 14.8853 18.2296 -0.230605
98 15.9798 0.488679 -0.408383
99 14.5302 17.6079 -0.374831
