100
Particles
0 15.8639 17.1429 -0.161327
1 15.7104 16.7322 0.0973407
2 16.0503 17.201 0.0442175
3 17.8323 3.46978 0.0620734
4 15.6629 16.6817 0.0662241
5 15.9191 17.6212 -0.296365
6 15.7148 17.3827 0.0700347
7 16.1602 3.19742 -0.247063
8 16.1671 3.91306 -0.0800329
9 16.8465 19.6824 -0.125153
10 17.7808 3.4631 0.2553
11 16.8625 0.527573 -0.491632
12 15.293 15.7015 -0.380882
13 14.9486 15.1671 -0.493308
14 19.8746 15.7638 0.345683
15 8.2313 7.60768 -0.596106
16 19.9576 14.9304 0.407191
17 17.2574 0.811048 -0.557727
18 8.49587 7.93984 -0.55274
19 14.474 14.8185 -0.315868
20 18.0645 3.65618 -0.277021
21 16.5735 3.01846 -0.337036
22 17.5222 2.71577 -0.140981
23 17.7627 3.15378 -0.153857
24 0.722631 15.4734 0.161003
25 13.6021 13.0959 -0.89184
26 16.6614 3.78555 -0.0344294
27 15.7423 16.7872 -0.347203
28 17.7291 2.43074 0.208731
29 16.8191 3.93797 -0.427131
30 15.8919 17.5017 -0.0186854
31 18.0576 3.74705 -0.315751
32 16.3614 18.3225 0.0834343
33 16.9777 0.285714 -0.568591
34 17.4126 2.71937 0.0887531
35 15.6707 17.3507 0.015044
36 15.6644 16.1424 -0.0165625
37 17.7844 2.67063 0.266172
38 17.581 2.55542 0.033129
39 15.6184 16.5906 -0.340422
40 15.1037 15.6526 -0.353626
41 16.3252 17.4277 -0.43402
42 17.5675 2.90524 -0.161327
43 17.399 3.04866 -0.184453
44 0.143499 15.9791 0.251618
45 17.0424 3.64351 -0.0842944
46 16.1424 17.5273 -0.0271287
47 0.733131 16.436 -0.0798491
48 15.5817 16.1534 -0.301281
49 17.5529 2.338 -0.268165
50 16.0601 17.3058 -0.0347933
51 17.6922 2.24835 -0.109092
52 0.556839 16.2534 0.409945
53 16.4232 18.2224 -0.394373
54 12.7105 10.5441 -1.41768
55 16.3217 17.9839 -0.14589
56 9.30972 10.1683 -0.377956
57 16.357 3.13044 -0.200892
58 15.6645 16.583 -0.0678774
59 14.2164 13.3011 -0.776087
60 8.29891 8.20905 -0.388092
61 15.7435 16.8971 -0.280958
62 0.701679 16.1979 0.264653
63 16.3076 18.7604 0.107358
64 0.789152 15.62 -0.0782703
65 14.8818 15.8244 -0.240663
66 14.4614 14.9187 -0.243638
67 16.0296 17.8509 0.0444147
68 16.1315 17.8649 -0.236833
69 14.5557 14.4205 -0.66497
70 15.5435 3.19949 -0.198611
71 17.9489 3.19432 -0.345958
72 17.4247 1.71401 0.205006
73 0.0670069 15.5448 0.362303
74 0.0902907 15.0679 0.429727
75 17.5095 2.13672 0.0953761
76 16.6696 19.0748 0.234461
77 16.1486 17.3886 -0.0818061
78 15.7264 17.061 -0.415789
79 15.9526 16.9348 -0.382571
80 14.9896 15.4382 -0.484653
81 14.3179 13.6053 -0.540864
82 15.3587 16.8088 0.103519
83 16.3571 3.69305 -0.0930736
84 16.4854 18.0799 -0.183051
85 18.002 3.2955 -0.194545
86 17.2195 1.25041 -0.468896
87 13.7878 12.6271 -1.02796
88 14.2056 13.8974 -0.675289
89 17.5921 3.54194 -0.0953028
90 14.1668 12.878 -0.879133
91 17.6946 3.2688 0.269429
92 18.5861 3.48669 0.0389559
93 0.639335 15.8957 0.233029
94 16.6439 19.6241 -0.436434
95 15.9522 17.2118 -0.166425
96 8.46416 12.2148 2.7025
97 16.1063 18.1609 0.0267495
98 17.1295 0.0881602 -0.397133
99 15.7508 17.4191 0.107889
