100
Particles
0 17.1114 17.1456 0.0226719
1 16.9085 16.4573 -0.411535
2 17.2806 17.0219 -0.0849978
3 19.0688 3.45466 0.0140536
4 16.88 16.6562 -0.458051
5 17.1491 17.6937 0.176901
6 16.9382 17.3755 0.000820546
7 17.3643 2.91142 -0.163159
8 17.37 3.65075 -0.305108
9 17.904 19.0429 -0.528792
10 18.9993 3.20831 -0.274247
11 17.9466 19.9292 -0.442259
12 16.4431 15.2565 -0.581118
13 16.0505 14.645 -0.179541
14 1.03325 16.2129 0.251379
15 9.32358 7.01009 -0.339445
16 1.13097 15.3536 0.252126
17 18.3547 0.237103 -0.581428
18 9.48407 7.2372 -0.238998
19 15.5271 14.1896 -0.23981
20 19.2969 3.54453 0.0995004
21 17.7873 2.89319 -0.021617
22 18.7513 2.76814 0.169677
23 18.9743 3.12636 -0.394892
24 1.86177 15.9461 0.375398
25 14.4486 12.1916 -0.6095
26 17.8703 3.50875 -0.256284
27 16.9521 16.5399 -0.321545
28 18.9633 2.47304 0.196702
29 18.043 3.82048 -0.063375
30 17.0979 17.2843 -0.347927
31 19.2651 3.5162 -0.308255
32 17.5898 18.2318 0.0427725
33 18.0375 19.6687 -0.358449
34 18.6282 2.48361 -0.0742985
35 16.8984 17.2596 -0.0138103
36 16.8519 15.8193 -0.330295
37 19.0117 2.55232 -0.166934
38 18.8069 2.56018 -0.286079
39 16.8179 16.2861 -0.359713
40 16.3102 15.3403 -0.121329
41 17.5532 17.3446 -0.215207
42 18.7989 2.79827 -0.0244222
43 18.6234 2.93119 -0.421617
44 1.31153 16.3857 0.232734
45 18.2616 3.56485 -0.0603205
46 17.3617 17.3798 0.168513
47 1.90621 16.7901 0.420668
48 16.8028 15.9091 -0.0705031
49 18.7876 2.19009 -0.152836
50 17.2968 17.2432 0.12814
51 18.9268 2.36406 0.120288
52 1.67907 16.7552 0.0768311
53 17.6555 18.0837 0.0320717
54 12.3259 9.36971 -2.03948
55 17.5334 17.9632 -0.415822
56 10.5477 10.0828 0.112849
57 17.5869 3.03455 -0.169824
58 16.8764 16.297 -0.23817
59 14.9682 12.3299 -0.928005
60 9.36183 7.57591 -0.759358
61 16.9534 16.7765 -0.231627
62 1.84778 16.6579 0.534489
63 17.5171 18.5317 -0.301794
64 1.89882 16.1537 0.571248
65 16.0261 15.3761 -0.463959
66 15.4415 14.1948 -0.25921
67 17.2679 17.7969 0.159974
68 17.3499 17.6357 -0.198161
69 15.4988 13.6161 -0.677393
70 16.7678 3.01706 -0.422883
71 19.1765 3.08932 0.0557502
72 18.6448 1.49706 -0.202531
73 1.25162 15.8612 0.604172
74 1.29082 15.348 0.479369
75 18.7435 2.02201 0.133168
76 17.872 18.8436 -0.262301
77 17.3823 17.2968 0.144152
78 16.9495 16.9101 -0.274259
79 17.1814 16.901 -0.012361
80 16.1393 14.984 -0.50451
81 15.1178 12.6843 -1.03857
82 16.5648 16.5017 -0.185549
83 17.5485 3.3893 0.0574777
84 17.7168 18.1538 -0.0759714
85 19.2334 3.08495 -0.163077
86 18.3671 0.807221 -0.417901
87 14.671 11.7587 -0.922337
88 15.0177 12.9636 -0.625433
89 18.8038 3.43628 -0.397379
90 15.0923 12.0528 -0.613151
91 18.927 3.12612 0.0148316
92 19.8257 3.44325 0.188913
93 1.8129 16.2828 0.289943
94 17.7168 19.0258 -0.545248
95 17.183 17.1792 -0.255156
96 7.49812 13.0017 2.37188
97 17.3311 18.0765 -0.250743
98 18.1258 19.3773 -0.224748
99 16.9618 17.1831 -0.378541
