100
Particles
0 18.3396 17.1469 -0.0206377
1 18.1373 16.2815 -0.0591812
2 18.509 17.0579 -0.0686585
3 0.283128 3.17673 -0.126802
4 18.0803 16.3314 -0.331503
5 18.379 17.5795 -0.293444
6 18.1614 17.4453 0.285438
7 18.5684 2.63223 -0.279021
8 18.516 3.16222 -0.420328
9 19.1111 18.842 0.131395
10 0.229675 3.21107 0.104833
11 19.1136 19.5998 -0.0281512
12 17.63 14.8914 -0.163832
13 17.2312 14.2593 -0.161527
14 2.24153 16.4868 0.471203
15 10.4033 6.39803 -0.556829
16 2.25819 15.8557 0.523279
17 19.5328 19.855 -0.439489
18 10.6205 6.76067 -0.476279
19 16.6751 13.7237 -0.18785
20 0.512068 3.4644 0.00605621
21 18.9826 2.60114 -0.398629
22 19.9926 2.82522 0.119629
23 0.21537 3.23781 0.131093
24 3.00566 16.3928 0.20587
25 15.2744 11.2597 -0.87528
26 19.0394 3.10062 -0.380123
27 18.1862 16.4649 -0.113011
28 0.180618 2.26142 -0.386078
29 19.2743 3.68338 -0.298289
30 18.3258 17.1854 0.0281605
31 0.465608 3.23221 -0.262768
32 18.8099 18.0114 0.0118613
33 19.2166 19.2986 -0.377333
34 19.8687 2.43103 -0.0581646
35 18.1403 17.1985 -0.126775
36 18.0627 15.5202 -0.248708
37 0.228462 2.3032 -0.313062
38 0.0497346 2.46901 0.0302335
39 18.0215 16.0246 -0.259949
40 17.4485 14.882 -0.627162
41 18.7873 17.3971 0.169241
42 0.0240353 2.73546 0.216038
43 19.8284 2.80786 -0.421695
44 2.52742 16.652 0.0911381
45 19.482 3.4108 0.157015
46 18.5978 17.2703 -0.0732802
47 3.13017 16.9961 0.333951
48 18.0375 15.7559 -0.278393
49 0.00783852 2.11122 -0.194081
50 18.5338 17.1764 -0.0585407
51 0.135823 2.07293 -0.113294
52 2.88718 17.0323 0.183963
53 18.891 18.0828 0.145039
54 12.2501 8.16551 -1.52929
55 18.7711 17.9129 0.0616643
56 11.6774 9.61085 -0.723347
57 18.7792 2.75542 -0.506364
58 18.1139 16.1396 -0.128307
59 15.7358 11.3762 -0.924808
60 10.432 6.95759 -0.645184
61 18.1979 16.8401 0.188914
62 3.0588 16.9024 0.449679
63 18.7223 18.3346 -0.0290479
64 3.02238 16.6799 0.228864
65 17.1149 14.8045 -0.700811
66 16.4948 13.5628 -0.472881
67 18.4943 17.8293 0.0460928
68 18.5796 17.726 0.120028
69 16.5829 13.0302 -0.200187
70 17.9278 2.67109 -0.588895
71 0.407903 2.9382 0.00163193
72 19.8798 1.34815 -0.169645
73 2.4142 16.2434 0.0550294
74 2.43859 15.7895 0.511656
75 19.951 1.72706 -0.208012
76 19.1038 18.665 -0.126417
77 18.6233 17.3038 -0.0348917
78 18.168 16.9066 0.180997
79 18.4077 17.0496 0.290233
80 17.302 14.552 -0.241634
81 16.0152 11.8456 -1.0395
82 17.7742 16.3007 -0.103001
83 18.7383 3.0889 -0.204028
84 18.9517 18.0384 -0.204705
85 0.47696 3.11609 -0.125987
86 19.4905 0.277996 -0.490458
87 15.3029 10.6945 -1.10944
88 15.8879 12.0825 -0.789001
89 0.0462033 3.40945 0.0682816
90 15.9333 11.1409 -0.657504
91 0.154224 3.01566 -0.362308
92 1.05612 3.25899 -0.0739064
93 2.98035 16.6197 0.00424367
94 18.9347 18.8458 -0.380185
95 18.4184 17.1168 -0.221777
96 6.75015 13.9818 2.02043
97 18.5671 17.9403 -0.151414
98 19.268 18.984 0.0258685
99 18.202 17.0989 0.0659171
