100
Particles
0 19.5747 17.1949 0.128559
1 19.3754 16.2825 0.129432
2 19.7409 17.0131 0.0376162
3 1.48374 2.85629 -0.428794
4 19.2998 16.2344 -0.319158
5 19.6017 17.3612 -0.185915
6 19.401 17.5132 -0.00255045
7 19.7867 2.42872 0.042143
8 19.7331 2.94408 0.0684585
9 0.330623 18.7095 0.00939536
10 1.45239 3.09484 0.0431411
11 0.337629 19.4127 -0.145315
12 18.745 14.3619 -0.440672
13 18.3599 13.7777 -0.683242
14 3.37749 16.9838 0.590754
15 11.5325 5.90271 -0.571001
16 3.42238 16.2743 0.196574
17 0.730683 19.5449 -0.208888
18 11.7799 6.30543 -0.401539
19 17.8748 13.4939 -0.529975
20 1.7224 3.31357 0.0310761
21 0.172276 2.26957 -0.285517
22 1.20325 2.63843 -0.00541573
23 1.45704 3.17315 -0.0356417
24 4.11447 16.9599 0.410191
25 16.1615 10.3963 -0.733242
26 0.278019 3.06215 0.186249
27 19.4125 16.3398 -0.054838
28 1.39948 2.04798 0.0363577
29 0.505543 3.83094 -0.0364666
30 19.5396 17.1434 0.211412
31 1.69279 3.17702 -0.0733292
32 0.0356756 18.0651 0.19626
33 0.395155 18.9882 -0.299059
34 1.10505 2.28696 -0.132077
35 19.3422 16.9309 -0.334231
36 19.2859 15.3213 -0.222571
37 1.41695 1.94029 -0.425742
38 1.26181 2.28345 0.00671413
39 19.2506 16.1627 0.259779
40 18.5225 14.2578 -0.523153
41 0.0315272 17.4739 0.181979
42 1.21133 2.45146 -0.451066
43 1.01248 2.45217 -0.166338
44 3.67879 17.1095 0.136907
45 0.703661 3.30556 0.0600145
46 19.8344 17.3158 -0.104936
47 4.24832 17.4622 0.569278
48 19.2791 15.7533 -0.21723
49 1.23711 1.94003 -0.0625379
50 19.7525 17.0062 -0.0361567
51 1.37066 1.9634 -0.233909
52 4.0015 17.5446 0.313044
53 0.124991 17.9832 -0.146826
54 12.3592 6.92992 -1.58291
55 19.9927 18.1014 0.295969
56 12.799 9.06525 -0.357598
57 19.9619 2.47343 0.08076
58 19.3486 16.1194 0.0654431
59 16.6582 10.5658 -0.753198
60 11.5805 6.49613 -0.469447
61 19.4198 16.7502 -0.0538871
62 4.19741 17.3625 0.384999
63 19.9494 18.3151 0.105984
64 4.20718 17.0164 0.439837
65 18.1944 14.1937 -0.683702
66 17.6485 13.1467 -0.580362
67 19.7139 17.8514 0.300467
68 19.8056 17.6652 -0.126451
69 17.7436 12.5991 -0.391433
70 19.0548 2.22239 -0.378201
71 1.56907 2.48605 -0.526851
72 1.10471 1.28766 -0.224601
73 3.49451 16.8368 0.188923
74 3.64076 16.0747 0.193863
75 1.17922 1.60707 0.0942047
76 0.323147 18.5226 -0.0399777
77 19.8427 17.2648 -0.0682512
78 19.4002 16.8614 0.224287
79 19.6255 16.988 -0.134886
80 18.4419 14.109 -0.233593
81 16.9022 11.0162 -0.852894
82 19.0117 16.1994 -0.0747411
83 19.9496 3.02987 -0.0152033
84 0.179525 18.191 -0.154066
85 1.65422 2.79898 -0.551495
86 0.674999 0.0231662 -0.180017
87 16.2095 9.87542 -0.401483
88 16.8498 11.3429 -0.348503
89 1.28584 3.40912 -0.0950482
90 16.822 10.3141 -0.437206
91 1.37745 2.86769 -0.404716
92 2.27822 3.12585 -0.366269
93 4.13039 17.0778 0.23693
94 0.159317 18.9445 0.0556389
95 19.6497 17.2411 0.0205321
96 6.15481 15.0702 2.00672
97 19.8012 18.054 -0.0958603
98 0.486528 18.7665 -0.0285763
99 19.4312 17.1339 0.22028
