100
Particles
0 0.783031 17.4976 0.24624
1 0.60647 16.1839 -0.151329
2 0.975557 17.203 0.102455
3 2.71653 2.73247 0.00199483
4 0.519489 16.3649 0.255673
5 0.818008 17.3997 -0.185973
6 0.625739 17.6959 -0.0430969
7 0.996157 2.18747 -0.301488
8 0.942518 2.84276 -0.324835
9 1.55925 18.7678 0.0211073
10 2.64185 2.73905 -0.23764
11 1.56841 19.49 0.0124956
12 19.865 13.8858 -0.2219
13 19.5185 13.3495 -0.402407
14 4.57458 17.3323 0.35062
15 12.4761 5.10814 -0.763884
16 4.63596 16.5143 0.203942
17 1.97436 19.5039 0.0216767
18 12.6472 5.41259 -0.637911
19 19.0013 12.9671 -0.247041
20 2.95371 3.26836 -0.0871489
21 1.36791 1.96389 -0.329407
22 2.41688 2.55659 0.117172
23 2.65814 2.93097 -0.162416
24 5.21631 17.5 0.689922
25 17.038 9.56822 -0.86104
26 1.50246 2.87888 -0.14317
27 0.653688 16.2999 -0.0201903
28 2.61388 1.82487 -0.0597048
29 1.72785 3.69878 0.165539
30 0.777208 17.1066 0.196799
31 2.92125 3.03958 -0.311507
32 1.27057 18.0304 -0.201251
33 1.61623 19.1081 0.224933
34 2.347 2.24345 0.0312618
35 0.5683 16.9816 -0.0955637
36 0.527172 15.27 -0.0557008
37 2.63277 1.67759 -0.3904
38 2.44159 1.92467 -0.511795
39 0.494542 16.0903 -0.00842086
40 19.6562 13.7702 -0.376781
41 1.24446 17.6996 -0.0513067
42 2.4197 2.18031 -0.125401
43 2.18979 2.07354 -0.135116
44 4.82844 17.5438 0.268197
45 1.94702 3.2989 0.0829652
46 1.06965 17.2964 0.212715
47 5.2615 18.1749 0.762635
48 0.50095 15.752 0.250138
49 2.46795 1.76097 -0.216256
50 0.97894 17.1643 0.0255323
51 2.55776 1.66977 -0.439074
52 5.07053 18.1664 0.524315
53 1.364 17.9499 -0.125322
54 13.1597 5.98705 -0.90437
55 1.21453 18.1968 0.131274
56 14.0186 8.87054 0.135315
57 1.18231 2.3555 0.163352
58 0.586713 16.1647 -0.0155836
59 17.4464 9.60457 -0.725292
60 12.4009 5.55936 -0.893709
61 0.646907 16.6402 -0.119922
62 5.3375 17.8279 0.219898
63 1.16892 18.5303 0.250256
64 5.36613 17.4314 0.288234
65 19.3926 13.9019 -0.0771628
66 18.7905 12.6701 -0.633025
67 0.935265 17.8757 0.317195
68 1.04689 17.6515 -0.0100958
69 18.7207 11.8377 -0.403506
70 0.300031 2.24463 0.089017
71 2.71757 1.99638 -0.364891
72 2.33098 1.09414 -0.205094
73 4.63334 17.3024 0.468328
74 4.80413 16.5218 0.257789
75 2.37065 1.23732 -0.285734
76 1.55424 18.5888 0.268879
77 1.06748 17.2817 0.196506
78 0.622608 16.9901 -0.0759547
79 0.866324 16.9759 0.101254
80 19.5115 13.5201 -0.143689
81 17.7881 10.1786 -1.01437
82 0.225347 16.0308 0.174778
83 1.16707 2.79985 -0.399758
84 1.40623 18.2956 0.110003
85 2.85179 2.51065 -0.312355
86 1.91234 19.9776 0.157213
87 16.9533 8.89011 -0.931195
88 17.7185 10.5114 -1.16363
89 2.53237 3.44057 0.054134
90 17.5921 9.34909 -1.19933
91 2.58913 2.70199 -0.406448
92 3.49274 2.92927 -0.107938
93 5.21569 17.6739 0.64325
94 1.39858 19.0421 -0.0529515
95 0.887743 17.2893 0.0279889
96 5.30572 15.9588 2.51519
97 1.03317 18.0307 0.0660488
98 1.69771 18.7399 0.242246
99 0.662881 17.2091 0.00563349
