100
Particles
0 2.00766 17.572 -0.192295
1 1.83595 16.2011 0.0123071
2 2.19738 17.2708 -0.198077
3 3.90534 2.40213 -0.458536
4 1.75443 16.5083 0.127462
5 2.05328 17.5445 0.259907
6 1.85215 17.8078 0.319549
7 2.2195 2.0572 -0.382462
8 2.13323 2.5209 -0.397211
9 2.80088 18.8816 0.0916529
10 3.8247 2.39098 -0.541809
11 2.78278 19.6633 -0.0836057
12 1.11121 13.7914 -0.0471146
13 0.692038 13.1317 0.0656104
14 5.65627 17.9293 0.621886
15 13.5833 4.53977 -0.355534
16 5.76234 17.0291 0.355332
17 3.17875 19.7688 0.0284766
18 13.5397 4.58649 -0.674983
19 0.149472 12.5088 -0.265535
20 4.17892 3.14102 -0.295524
21 2.60104 1.95825 0.100135
22 3.64636 2.46407 0.0293779
23 3.88819 2.85846 -0.138732
24 6.34075 17.951 0.221886
25 17.6895 8.51061 -1.21627
26 2.73631 2.98503 -0.0791163
27 1.86921 16.4854 -0.133248
28 3.81972 1.53844 0.0149923
29 2.96697 3.7862 -0.00109676
30 1.98279 17.2787 0.328838
31 4.16082 2.97313 -0.0503623
32 2.48944 18.2306 -0.0600676
33 2.84496 19.2514 -0.0113986
34 3.50722 1.79281 -0.373473
35 1.81571 16.9959 -0.0753282
36 1.73427 15.3841 0.284484
37 3.84623 1.46214 -0.279408
38 3.6532 1.69942 0.031563
39 1.73673 16.0026 -0.0349481
40 0.852595 13.5471 -0.0888799
41 2.47017 17.8565 -0.0901163
42 3.60359 1.84994 0.0527242
43 3.41453 1.87814 -0.201271
44 5.95702 18.0499 0.28873
45 3.17423 3.39376 0.144202
46 2.27545 17.5943 0.0910368
47 6.30614 18.8234 0.774916
48 1.7256 15.9074 0.144085
49 3.67154 1.45245 -0.294747
50 2.19995 17.391 0.197575
51 3.71824 1.25247 -0.474791
52 6.15752 18.7351 0.526981
53 2.59159 18.0254 -0.100507
54 14.2558 5.40155 -0.368913
55 2.45967 18.2076 -0.000982536
56 15.2621 8.94297 0.0667503
57 2.42789 2.36643 -0.000622983
58 1.80467 16.3187 0.0455957
59 17.9578 8.47066 -1.18011
60 13.5528 5.09951 -0.20609
61 1.8633 16.8314 0.234223
62 6.48718 18.2702 0.200747
63 2.40804 18.6131 0.293392
64 6.49584 17.9421 0.619323
65 0.61468 13.8912 0.287353
66 19.9361 12.2126 -0.276177
67 2.17443 17.8815 -0.0175321
68 2.25097 17.9559 0.312737
69 19.8574 11.3732 -0.673769
70 1.53826 2.27062 0.144112
71 3.88599 1.64016 0.0696938
72 3.54484 0.861543 -0.306605
73 5.8071 17.713 0.270569
74 5.98158 16.923 0.324904
75 3.59894 1.06586 -0.160661
76 2.79997 18.6247 0.106789
77 2.29684 17.4338 0.0882937
78 1.864 17.0784 -0.0254468
79 2.09742 16.9615 -0.127746
80 0.726617 13.3545 -0.0284672
81 18.4356 9.13511 -1.3195
82 1.46923 15.958 0.0164651
83 2.40812 2.91054 -0.0288219
84 2.62506 18.4603 0.346253
85 4.07603 2.36074 -0.163403
86 3.14697 0.0828232 0.00123897
87 17.6469 7.86816 -1.02449
88 18.5864 9.63007 -1.07597
89 3.75407 3.27212 -0.352507
90 18.2948 8.33199 -1.03109
91 3.77571 2.46165 -0.454558
92 4.69636 2.67124 -0.179651
93 6.30385 18.2664 0.399481
94 2.61177 19.2664 0.137671
95 2.12807 17.3172 0.0214301
96 6.23963 16.7513 0.670087
97 2.25182 18.1746 0.325407
98 2.92182 18.8466 -0.148837
99 1.90029 17.1888 0.239246
