100
Particles
0 3.22224 17.7262 0.2365
1 3.07931 16.2931 0.00300925
2 3.4265 17.4153 0.0287991
3 5.09071 2.08757 -0.282944
4 2.95624 16.7982 0.0630683
5 3.27581 17.6518 -0.134791
6 3.08028 17.9735 -0.0238704
7 3.41524 1.73845 -0.355779
8 3.35465 2.38243 -0.272574
9 4.02177 18.9705 0.193629
10 5.01876 2.1438 -0.39221
11 4.02361 19.5762 -0.0335433
12 2.34479 13.7366 -0.0324542
13 1.9183 13.0381 0.00266043
14 6.77132 18.4706 0.611725
15 14.7761 4.20858 -0.349101
16 6.90604 17.48 0.179905
17 4.41067 19.7657 0.11781
18 14.7321 4.3321 -0.421758
19 1.38655 12.616 -0.0350386
20 5.35254 2.80411 -0.393302
21 3.84158 1.93554 -0.144904
22 4.83036 2.1178 -0.43278
23 5.11713 2.67662 -0.129962
24 7.45785 18.4245 0.16733
25 18.0188 7.31774 -1.08558
26 3.91611 2.58897 -0.427259
27 3.08516 16.7035 0.195019
28 5.01444 1.19868 -0.380606
29 4.17563 3.5934 -0.28952
30 3.208 17.4388 0.0953679
31 5.36975 2.69038 -0.0949244
32 3.72447 18.2903 0.224581
33 4.07697 19.1974 -0.0282441
34 4.72858 1.58789 -0.255764
35 3.03378 17.2474 0.0848056
36 2.95196 15.6013 0.254384
37 5.05722 1.17483 -0.359399
38 4.85591 1.45714 -0.422001
39 2.94496 16.0911 -0.148535
40 2.07582 13.4455 -0.305568
41 3.66805 18.0096 -0.206492
42 4.7819 1.56145 -0.106826
43 4.55585 1.38666 -0.607316
44 7.07331 18.5642 0.590562
45 4.37578 3.11572 -0.209213
46 3.49926 17.7242 -0.207873
47 7.43927 19.2695 0.214751
48 2.95316 15.9159 0.0330789
49 4.89462 1.27114 -0.18724
50 3.41033 17.4977 -0.0781781
51 4.88277 0.961354 -0.57867
52 7.2901 19.2208 0.273258
53 3.82533 18.0692 0.0991815
54 15.4778 5.1846 -0.106819
55 3.67958 18.379 0.287815
56 16.447 9.23431 0.447749
57 3.66547 2.28685 0.0151578
58 3.01294 16.6085 0.228325
59 18.6294 7.42107 -1.11692
60 14.7183 4.7397 -0.200197
61 3.09924 16.9654 -0.0276391
62 7.61675 18.6953 0.071269
63 3.62552 18.6235 -0.218919
64 7.63775 18.4132 0.194236
65 1.82985 13.6983 -0.135936
66 1.14366 12.286 0.380565
67 3.40947 17.9395 -0.0437611
68 3.48983 17.9863 -0.175705
69 1.07564 11.326 0.0784664
70 2.73778 2.07111 -0.398079
71 5.0635 1.23347 -0.485698
72 4.74278 0.543112 -0.0349692
73 6.9255 18.2219 0.103047
74 7.11536 17.4045 0.304744
75 4.74658 0.57887 -0.301885
76 4.03885 18.7782 0.186413
77 3.50877 17.6166 -0.131768
78 3.10593 17.0555 -0.119328
79 3.33901 16.9185 0.0841478
80 1.95549 13.1709 -0.0540817
81 19.196 8.14769 -0.828373
82 2.66771 16.0433 -0.0960261
83 3.60799 2.62047 -0.325256
84 3.84112 18.385 -0.183649
85 5.24259 1.91853 -0.270366
86 4.37675 19.9529 0.0370422
87 18.0571 6.69997 -1.06154
88 19.3421 8.64378 -0.825915
89 4.94919 2.98751 -0.549315
90 18.5854 7.11998 -1.40503
91 4.92139 2.01073 -0.549913
92 5.87024 2.26582 -0.354632
93 7.42914 18.7567 0.298005
94 3.83576 19.2948 0.0123412
95 3.32468 17.6592 0.27348
96 7.35916 17.2912 0.462635
97 3.47288 18.3306 0.305064
98 4.15514 18.9083 0.120485
99 3.14036 17.2183 0.127865
