100
Particles
0 4.44634 17.8731 0.165958
1 4.31541 16.3968 -0.0919194
2 4.66859 17.4484 -0.162756
3 6.13684 1.43996 -0.616936
4 4.1757 16.9765 0.293641
5 4.51548 17.5625 -0.0130138
6 4.31177 17.9205 0.203938
7 4.62688 1.49026 -0.446051
8 4.54247 2.04955 -0.104809
9 5.25318 18.8065 -0.315466
10 6.09859 1.53353 -0.705807
11 5.24871 19.7479 -0.0339279
12 3.55743 13.5612 -0.167155
13 3.13787 12.887 -0.0384251
14 7.84414 19.0683 0.627216
15 15.8882 3.66621 -0.593433
16 8.11879 17.7363 0.249139
17 5.65673 19.8009 0.0937087
18 15.8696 3.85071 -0.383727
19 2.61153 12.4668 -0.268819
20 6.41055 2.18526 -0.229955
21 5.03608 1.62504 -0.10694
22 5.97827 1.70493 -0.0790498
23 6.1843 2.03837 -0.465297
24 8.5143 19.0884 0.662005
25 18.6917 6.28235 -1.17494
26 5.10549 2.22949 -0.190954
27 4.28882 16.8394 0.404411
28 6.05108 0.536608 -0.631238
29 5.3042 3.10951 -0.65779
30 4.42335 17.6946 0.353243
31 6.42204 2.05544 -0.236152
32 4.95619 18.3233 -0.163988
33 5.31374 19.2392 0.123302
34 5.87181 1.0924 -0.483086
35 4.25814 17.419 -0.132159
36 4.16214 15.8028 0.305461
37 6.18317 0.69163 -0.406501
38 5.93629 0.832241 -0.596703
39 4.14932 16.2228 0.273851
40 3.31111 13.3567 0.0889627
41 4.89631 17.9996 0.0924387
42 5.93132 1.16166 -0.565468
43 5.66104 0.853743 -0.0987808
44 8.2616 18.8396 0.559838
45 5.53177 2.67439 -0.600663
46 4.74773 17.7649 -0.00197574
47 8.52998 19.8405 0.704679
48 4.19509 15.935 -0.0859201
49 6.0458 0.803252 -0.489801
50 4.63888 17.5726 0.378598
51 6.03466 0.540106 -0.023726
52 8.44117 19.6678 0.473337
53 5.05159 18.0467 -0.129282
54 16.6695 4.83069 -0.289171
55 4.90296 18.5205 0.231059
56 17.5431 9.81937 0.365616
57 4.8565 1.97188 -0.128045
58 4.24903 16.578 -0.0305597
59 19.1619 6.31406 -1.38709
60 15.8891 4.3401 -0.350219
61 4.31969 17.0565 0.414766
62 8.73463 19.1915 0.719882
63 4.85215 18.6749 -0.15537
64 8.8032 18.8511 0.367397
65 3.06524 13.6865 0.233632
66 2.37809 12.2368 -0.329313
67 4.60844 18.2518 0.105502
68 4.72115 18.0918 0.00158411
69 2.29145 11.501 0.0167248
70 3.97099 1.97835 -0.204906
71 6.2185 0.808911 -0.474438
72 5.92555 0.210218 -0.19838
73 8.10725 18.5703 0.453459
74 8.32117 17.637 0.333677
75 5.92385 0.254609 -0.501599
76 5.26782 18.8403 0.0771074
77 4.73673 17.5426 -0.0705067
78 4.30908 17.3892 0.263153
79 4.56411 17.1494 0.205574
80 3.16246 12.9232 -0.384934
81 19.7298 7.04072 -1.09719
82 3.86188 16.3949 0.407514
83 4.77263 2.26841 0.0269948
84 5.0881 18.3795 -0.0913576
85 6.40685 1.47042 -0.305539
86 5.59575 19.7778 0.162762
87 18.5221 5.56532 -0.844473
88 19.8519 7.5256 -1.31055
89 6.09996 2.54908 -0.576922
90 19.28 6.08202 -0.968279
91 6.04228 1.47813 -0.236815
92 7.03429 1.82186 -0.275091
93 8.5662 19.1647 0.363321
94 5.07301 19.2566 -0.098187
95 4.53186 17.8716 0.314209
96 8.56302 17.581 0.467256
97 4.69491 18.2798 -0.285329
98 5.38417 18.8646 -0.247275
99 4.37086 17.2477 0.100932
