100
Particles
0 13.775 19.5845 0.118149
1 13.7782 19.6465 -0.198218
2 13.7631 19.9054 -0.148522
3 13.7525 19.638 0.0977453
4 13.7502 18.9494 -0.196673
5 13.7377 19.4814 0.0827192
6 13.7492 19.5574 0.233644
7 13.8156 0.394414 0.28067
8 13.7684 19.7338 -0.110262
9 13.7588 19.7784 0.0285972
10 13.7539 19.817 0.233478
11 13.8006 19.9494 0.0158536
12 13.7357 19.6328 -0.219261
13 13.8074 19.6275 -0.0401764
14 13.7383 0.0141025 0.125899
15 13.7013 19.2554 0.0201836
16 13.7941 0.861107 0.242218
17 13.7352 19.5483 -0.0672565
18 13.7515 19.6061 -0.0751442
19 13.7664 19.8861 -0.12927
20 13.8094 19.9978 0.0261886
21 13.7631 19.3802 -0.0205607
22 13.7395 19.6149 -0.114708
23 13.7698 19.8534 0.173724
24 13.7739 19.7771 -0.0667333
25 13.7357 19.0118 0.111675
26 13.7663 19.466 0.0294376
27 13.7298 19.7928 -0.223485
28 13.7559 19.8101 0.250577
29 13.8165 19.9137 -0.135846
30 13.7644 19.666 0.237453
31 13.7593 19.6373 0.277854
32 13.7724 19.8023 -0.0994174
33 13.7599 19.6287 -0.157728
34 13.7412 0.140336 0.188365
35 13.7243 19.6985 -0.326093
36 13.7459 18.9939 0.0385005
37 13.7746 19.7973 0.028836
38 13.7375 19.9565 0.276241
39 13.7678 19.4116 0.050814
40 13.7347 19.3207 0.18829
41 13.763 18.9071 -0.188393
42 13.7727 19.9966 0.188547
43 13.8021 19.9215 -0.0247601
44 13.7606 19.9272 -0.310413
45 13.8204 19.7066 0.100432
46 13.7767 19.076 0.109362
47 13.8182 0.327285 0.11381
48 13.7583 19.508 0.0302828
49 13.7871 19.9268 0.0376512
50 13.7728 19.4163 0.203935
51 13.7624 19.1983 -0.317972
52 13.7955 19.9227 0.0158457
53 13.7251 19.1266 -0.208284
54 13.7462 18.9675 -0.239288
55 13.7937 19.999 0.0324021
56 13.7873 19.394 -0.236476
57 13.7399 19.6746 -0.313485
58 13.7928 19.509 0.0700998
59 13.7399 19.2313 -0.237103
60 13.752 0.0360191 -0.277875
61 13.7546 19.6946 -0.2726
62 13.7347 0.130487 -0.194167
63 13.7619 0.00568509 -0.264758
64 13.7237 19.9764 -0.284771
65 13.7218 19.8832 0.142633
66 13.788 19.3718 -0.167314
67 13.7525 0.565587 0.0693477
68 13.7716 19.2851 -0.343038
69 13.7976 19.7444 -0.00692808
70 13.7794 0.0631449 0.193973
71 13.791 0.294446 0.130003
72 13.8101 19.5602 -0.294409
73 13.8285 19.8941 0.0336842
74 13.7553 19.7844 -0.0804954
75 13.7974 0.0399135 0.0402475
76 13.7811 19.8084 0.219041
77 13.7209 19.0966 -0.0710246
78 13.774 19.84 0.228486
79 13.7775 19.5104 0.198105
80 13.7659 19.7811 0.217208
81 13.7916 19.4609 -0.151054
82 13.7646 19.3811 0.0364841
83 13.7725 19.9749 -0.0225951
84 13.7535 19.0649 -0.221991
85 13.771 19.5653 0.0850625
86 13.7495 0.0356351 -0.205186
87 13.7179 18.9978 -0.165226
88 13.7658 19.3557 0.233363
89 13.7389 19.2303 0.156147
90 13.7488 19.556 -0.154122
91 13.7683 19.7856 0.0278053
92 13.8223 19.907 0.166582
93 13.7565 0.181625 -0.270611
94 13.7047 19.5002 -0.248968
95 13.7579 19.6063 -0.00562463
96 13.7686 19.2522 -0.109047
97 13.7509 19.8544 0.197329
98 13.7662 19.7625 0.130415
99 13.7493 19.7549 0.117058
