100
Particles
0 5.66871 17.8339 -0.260301
1 5.52461 16.6023 0.261559
2 5.90689 17.5491 0.116971
3 7.27871 0.95117 -0.363293
4 5.41325 17.0368 0.0167348
5 5.75314 17.5108 0.140131
6 5.53502 18.0794 0.109852
7 5.83598 1.21762 -0.073168
8 5.75774 1.83261 -0.457188
9 6.48726 18.8443 0.162142
10 7.24815 1.10251 -0.278474
11 6.45111 19.4545 -0.35152
12 4.79361 13.5967 0.0276297
13 4.37556 12.9613 0.223736
14 8.88796 19.7315 0.539184
15 17.0705 3.36024 -0.268303
16 9.28269 18.1482 0.273381
17 6.85092 19.5424 -0.484889
18 17.0204 3.42514 -0.155977
19 3.85287 12.5166 0.0571614
20 7.52008 1.64312 -0.348524
21 6.20242 1.23243 -0.549658
22 7.10042 1.19838 -0.491487
23 7.36828 1.68392 -0.273494
24 9.51364 19.823 0.683118
25 19.2866 5.23529 -0.728265
26 6.33375 2.08495 -0.0720596
27 5.51437 16.8933 -0.260788
28 7.19325 0.0775232 -0.538902
29 6.54757 3.00718 -0.106746
30 5.66652 17.6618 0.0131242
31 7.60577 1.68217 -0.11315
32 6.18657 18.4719 -0.0846751
33 6.55507 19.1543 0.0681963
34 6.99428 0.594016 -0.336894
35 5.49138 17.4142 -0.151529
36 5.39778 15.831 0.187881
37 7.30525 0.167224 -0.549865
38 7.07414 0.36229 -0.659491
39 5.38818 16.2835 -0.0389777
40 4.52832 13.435 0.197891
41 6.09766 18.1821 -0.0378808
42 7.05012 0.658435 -0.678681
43 6.78187 0.361973 -0.108443
44 9.4088 19.3114 0.202692
45 6.71239 2.33577 -0.28109
46 5.9758 17.9092 0.156702
47 9.58333 0.45028 0.174781
48 5.4117 15.9973 -0.302767
49 7.17449 0.280024 -0.497475
50 5.864 17.5176 -0.0477364
51 7.24295 0.25985 -0.196962
52 9.50428 0.273834 0.331426
53 6.29155 17.9973 0.0934832
54 17.7663 4.28082 -0.465195
55 6.14419 18.5073 0.0331894
56 18.5421 10.538 0.850131
57 6.03718 1.58431 -0.325883
58 5.47125 16.7185 0.0439624
59 19.7378 5.22701 -0.795437
60 17.0325 3.85771 -0.626305
61 5.54744 17.1872 0.204423
62 9.77664 19.8153 0.756716
63 6.09459 18.6528 -0.210371
64 9.89574 19.4223 0.339703
65 4.29776 13.8007 -0.12998
66 3.62246 12.1393 -0.0750173
67 5.83638 18.2095 -0.106202
68 5.93276 18.0871 -0.189932
69 3.52818 11.5398 -0.192728
70 5.20254 1.92134 0.0402304
71 7.35204 0.330914 -0.294423
72 7.02515 19.6228 -0.350208
73 9.16059 19.1639 0.709339
74 9.46113 18.1051 0.301946
75 7.05926 19.8232 0.0572868
76 6.49488 18.7897 -0.205822
77 5.97256 17.576 0.238448
78 5.53579 17.4309 0.257648
79 5.78558 17.126 -0.230169
80 4.40798 12.9432 0.0141883
81 0.284765 5.92728 -1.11381
82 5.06632 16.4102 -0.393081
83 5.99808 2.08309 0.0209555
84 6.32095 18.2981 -0.202559
85 7.50118 0.907476 -0.12867
86 6.83633 19.6546 -0.146445
87 19.1276 4.48875 -1.27116
88 0.256234 6.35966 -1.49347
89 7.28084 2.16008 -0.12177
90 19.8764 4.99732 -1.08044
91 7.20914 1.10912 -0.643094
92 8.19835 1.39599 -0.239704
93 9.65645 19.7314 0.20427
94 6.30039 19.2756 -0.315407
95 5.75795 17.9993 0.0826057
96 9.73299 17.982 0.419505
97 5.91109 18.4213 0.286676
98 6.60671 19.0131 0.203115
99 5.60636 17.313 -0.195684
