100
Particles
0 6.91297 17.8294 -0.0188125
1 6.74696 16.4617 -0.32085
2 7.13515 17.6943 0.128691
3 8.45094 0.562083 -0.438401
4 6.6474 17.0597 0.268267
5 6.9723 17.6811 -0.0711894
6 6.77589 18.0141 0.0894728
7 6.94086 0.64672 -0.33591
8 6.96265 1.53146 -0.314264
9 7.71153 18.7331 0.107149
10 8.44157 0.789485 -0.527504
11 7.66073 19.1602 -0.0932679
12 6.02599 13.6984 0.0133977
13 5.60605 13.0954 0.316322
14 10.1006 0.0256533 0.302957
15 18.2713 3.06268 -0.246518
16 10.4924 18.3973 0.0866666
17 8.02112 19.2079 -0.543167
18 18.2286 3.2187 -0.482764
19 5.07898 12.5346 0.246589
20 8.71257 1.29843 -0.17043
21 7.31153 0.722441 -0.549009
22 8.30148 0.896626 -0.39703
23 8.50219 1.19615 -0.616766
24 10.6486 0.278903 0.142425
25 0.0433774 4.25122 -1.12691
26 7.47119 1.64874 -0.671196
27 6.75823 17.0051 0.0937538
28 8.38797 19.7808 -0.479127
29 7.77181 2.8703 -0.443205
30 6.90437 17.7015 -0.117535
31 8.78657 1.35082 -0.148451
32 7.41174 18.3832 -0.0464388
33 7.75753 18.9232 0.0785841
34 8.15404 0.177874 -0.101076
35 6.73749 17.3686 0.0775799
36 6.60043 15.5497 -0.459527
37 8.46779 19.7493 -0.229928
38 8.26138 0.00482883 -0.154183
39 6.57314 15.9116 -0.106647
40 5.73887 13.5735 0.346647
41 7.30672 18.2882 -0.250907
42 8.23997 0.393253 -0.0743337
43 7.95426 19.9757 -0.130975
44 10.4833 19.9221 0.588915
45 7.89713 2.01296 -0.521654
46 7.1981 18.1266 0.321143
47 10.7061 0.974977 0.305253
48 6.62502 15.8158 -0.275914
49 8.34904 19.8788 -0.388438
50 7.10362 17.4323 -0.187786
51 8.42543 19.9029 -0.333909
52 10.5767 0.893682 0.574095
53 7.50591 18.2373 0.296164
54 18.9545 3.95401 -0.300989
55 7.3744 18.5426 -0.20289
56 18.7879 11.7278 1.68042
57 7.15841 1.08352 -0.187311
58 6.71621 16.7054 -0.00311791
59 0.4293 4.21566 -0.965719
60 18.2223 3.54387 -0.448927
61 6.7669 17.3073 -0.101033
62 10.966 0.171916 0.389214
63 7.33698 18.5951 -0.0904802
64 11.0185 19.9356 0.43313
65 5.53891 13.8836 0.00363364
66 4.80744 11.8239 -0.535835
67 7.06948 18.4 0.158861
68 7.1575 18.3023 0.101986
69 4.65788 11.031 -0.18439
70 6.36458 1.48429 -0.570838
71 8.47792 19.8587 -0.588794
72 8.17831 19.2191 -0.582493
73 10.3325 19.5645 0.160755
74 10.6716 18.3765 0.201417
75 8.27164 19.6178 0.0133817
76 7.71911 18.726 -0.274816
77 7.19669 17.7374 0.0608559
78 6.7576 17.6008 0.285434
79 7.01342 17.145 -0.161655
80 5.63512 13.0581 0.30623
81 1.00619 4.93058 -1.18434
82 6.27328 16.2036 0.176573
83 7.21484 1.85832 -0.42982
84 7.55117 18.4763 0.259847
85 8.60975 0.423471 -0.0137048
86 8.0475 19.4122 -0.374962
87 19.9235 3.54274 -0.774586
88 0.83326 5.29943 -1.00325
89 8.42115 1.68973 -0.371397
90 0.673492 4.07175 -1.15505
91 8.34585 0.661591 -0.121625
92 9.4074 1.20432 -0.0586634
93 10.8003 0.187339 0.362959
94 7.52184 19.125 0.0763035
95 6.98631 18.0823 -0.168416
96 10.95 18.2176 0.0303248
97 7.14169 18.32 -0.0996039
98 7.82374 18.9218 0.224797
99 6.82946 17.4545 -0.14143
