100
Particles
0 8.14138 17.7191 0.234584
1 7.97657 16.6513 0.00520125
2 8.36396 17.5702 -0.253201
3 9.62172 0.249427 -0.0119996
4 7.86772 17.297 0.333761
5 8.19401 17.7296 -0.168891
6 8.01954 18.0475 0.0329817
7 8.15801 0.417496 -0.354751
8 8.09331 1.03264 -0.182293
9 8.95232 18.7248 -0.164762
10 9.6618 0.653797 -0.136599
11 8.87717 18.9481 -0.198174
12 7.23326 13.9728 0.0576655
13 6.82871 13.3335 0.0607986
14 11.1826 0.640209 0.446842
15 19.3384 2.44175 -0.520151
16 11.7087 18.5263 -0.228802
17 9.25004 19.044 -0.13788
18 19.348 2.67275 -0.378927
19 6.31901 12.5591 0.18699
20 9.95888 1.3514 0.00542913
21 8.50945 0.475856 -0.535365
22 9.51792 0.708141 -0.294943
23 9.70704 0.92678 -0.0749148
24 11.7616 0.824808 0.58786
25 0.607712 3.16557 -1.24811
26 8.69095 1.38331 -0.269621
27 7.97491 17.1567 0.234236
28 9.598 19.5509 -0.100396
29 8.9303 2.47341 -0.0567302
30 8.12644 17.7691 0.270438
31 10.0137 1.32454 0.171937
32 8.63654 18.4673 0.268021
33 8.9883 18.7277 -0.0408269
34 9.37663 0.091013 0.131438
35 7.95695 17.5391 -0.19547
36 7.8342 15.6142 0.302617
37 9.64264 19.4343 -0.0366169
38 9.44859 19.7507 0.186846
39 7.79199 15.9773 -0.0209908
40 6.97145 13.6487 0.258213
41 8.532 18.2866 -0.201978
42 9.45575 0.162543 -0.187463
43 9.18551 19.8683 0.0943209
44 11.5888 0.493769 0.46671
45 9.07732 1.7638 -0.27056
46 8.42909 18.2899 -0.00502372
47 11.7538 1.58104 0.486162
48 7.85192 15.6774 -0.0791417
49 9.54886 19.7418 0.0432005
50 8.34139 17.4323 0.24515
51 9.65125 19.7177 -0.149284
52 11.5849 1.59873 0.817265
53 8.73874 18.2266 -0.269929
54 19.8679 3.17156 -0.777082
55 8.59689 18.7758 0.245292
56 18.1427 12.772 2.36257
57 8.26959 0.545522 -0.668088
58 7.94407 16.9034 0.280182
59 0.865814 3.05371 -1.2372
60 19.369 3.07416 -0.374301
61 7.99589 17.3523 0.311395
62 12.0567 0.747468 0.35864
63 8.55171 18.7421 0.290343
64 12.1136 0.498578 0.688911
65 6.75405 14.0666 0.33616
66 5.99666 11.5051 0.0274757
67 8.2985 18.4846 -0.15796
68 8.3792 18.4432 -0.164788
69 5.73392 10.4115 -0.406628
70 7.4289 0.861323 -0.764939
71 9.69326 19.6318 -0.272437
72 9.41029 19.043 -0.0116444
73 11.5031 19.9251 0.179492
74 11.878 18.4838 -0.290231
75 9.49483 19.4621 -0.151175
76 8.93053 18.6392 -0.30364
77 8.4256 17.7336 -0.104259
78 7.98043 17.5206 -0.263202
79 8.24612 17.208 0.210448
80 6.84948 13.2349 0.173873
81 1.76579 3.97558 -0.612192
82 7.49135 15.9598 -0.192759
83 8.3588 1.38216 -0.534383
84 8.77625 18.509 -0.283043
85 9.81821 0.165501 -0.336196
86 9.28354 19.4009 0.176444
87 0.535412 2.46883 -1.20634
88 1.58722 4.32271 -0.932896
89 9.6442 1.54656 0.00929396
90 1.34203 3.02556 -1.04525
91 9.56169 0.404141 -0.195235
92 10.5979 0.995477 -0.0330957
93 11.8803 0.76852 0.624482
94 8.74263 19.1587 0.283262
95 8.19961 18.2208 0.0661938
96 12.1906 18.2828 0.119397
97 8.35285 18.4256 -0.27285
98 9.06065 18.7522 -0.178792
99 8.05018 17.1999 -0.238067
