100
Particles
0 9.3796 17.6061 -0.115632
1 9.20579 16.7104 0.132737
2 9.59943 17.6135 -0.244943
3 10.8477 0.295326 0.187747
4 9.08706 17.4338 -0.203886
5 9.43528 17.735 0.151808
6 9.23274 18.1163 -0.284248
7 9.3607 0.0851569 -0.221969
8 9.19297 0.478943 -0.198285
9 10.1867 18.6282 -0.100958
10 10.8885 0.580019 0.0948002
11 10.1132 18.9671 -0.128708
12 8.4602 14.093 0.0229546
13 8.07545 13.2646 -0.0541917
14 12.2958 1.13693 0.519626
15 0.313663 1.7024 -0.584935
16 12.9086 18.2358 -0.242693
17 10.4881 18.9818 0.0319523
18 0.225128 1.83388 -0.814284
19 7.5539 12.4839 -0.300355
20 11.1587 1.04792 -0.067583
21 9.6643 0.0537707 -0.214147
22 10.7414 0.625957 0.248018
23 10.9417 0.867906 0.182637
24 12.6524 1.67385 1.01887
25 1.28059 2.12944 -1.23296
26 9.88291 1.05666 -0.53799
27 9.20044 17.3066 0.263502
28 10.8353 19.4891 0.135876
29 10.1086 2.14632 -0.512769
30 9.33985 17.7397 -0.291133
31 11.2394 1.15929 -0.133113
32 9.86153 18.2657 -0.319587
33 10.2207 18.6767 -0.318553
34 10.6135 0.14685 -0.0139823
35 9.18863 17.5778 0.134748
36 9.06519 15.5171 -0.0287869
37 10.8732 19.2346 -0.18983
38 10.6607 19.5709 -0.228017
39 9.0231 15.9473 0.216938
40 8.1948 13.7001 0.208583
41 9.76511 18.1427 -0.0660031
42 10.6903 0.0134426 -0.201739
43 10.421 19.9187 0.0445032
44 12.6971 1.05749 0.360956
45 10.2539 1.41958 0.0303538
46 9.66618 18.3818 0.0105637
47 12.6735 2.417 0.845384
48 9.05798 15.6013 0.00211437
49 10.7621 19.8419 0.0443618
50 9.58467 17.383 0.0589742
51 10.8797 19.6576 0.109391
52 12.428 2.50517 1.01909
53 9.95941 18.2438 -0.318772
54 0.651458 2.233 -1.14728
55 9.81529 18.9375 0.216205
56 17.3126 13.7035 2.30545
57 9.41024 0.0818264 -0.46484
58 9.17549 16.986 0.0539417
59 1.38597 1.93521 -0.970346
60 0.293475 2.2765 -0.813035
61 9.227 17.549 0.16612
62 13.0645 1.46582 0.662172
63 9.78248 18.788 0.148135
64 13.1394 1.1597 0.340808
65 8.00142 14.0592 0.0240991
66 7.23714 11.5107 0.223815
67 9.53717 18.5097 -0.0807507
68 9.60019 18.594 0.270543
69 6.94341 10.4659 0.366488
70 8.60824 0.499176 -0.341076
71 10.922 19.5172 -0.0963445
72 10.6407 18.9766 -0.155093
73 12.5956 0.487185 0.57101
74 13.1013 18.3412 -0.289413
75 10.7253 19.4795 0.173202
76 10.1549 18.7079 -0.210559
77 9.6592 17.5502 -0.232879
78 9.21717 17.5173 0.0479425
79 9.46786 17.0074 -0.176796
80 8.07819 13.3412 0.117179
81 2.68356 3.141 -0.606407
82 8.71987 15.9534 0.319123
83 9.47411 0.846485 -0.487209
84 10.0075 18.5946 -0.0502983
85 11.0437 0.19156 -0.323112
86 10.4949 19.6804 0.254472
87 1.18219 1.4202 -0.745776
88 2.50331 3.49179 -0.810251
89 10.8413 1.2242 -0.469125
90 1.92029 1.97382 -0.940308
91 10.7969 0.480522 0.230534
92 11.8171 0.888414 0.309857
93 12.8714 1.5189 0.834836
94 9.96449 19.0458 0.158627
95 9.43383 18.1922 -0.26532
96 13.3741 17.9837 -0.228186
97 9.58957 18.424 0.0611257
98 10.2774 18.9199 -0.00232597
99 9.26158 17.1247 -0.251661
