100
Particles
0 10.617 17.5822 -0.233265
1 10.4426 16.6735 -0.204591
2 10.8193 17.515 -0.285676
3 12.0855 0.168123 -0.138199
4 10.3092 17.4543 0.226388
5 10.6653 17.7898 0.275113
6 10.4557 18.0023 0.185955
7 10.5452 19.7137 -0.258475
8 10.3586 0.0710158 -0.208888
9 11.4255 18.6925 -0.042859
10 12.135 0.586467 -0.1432
11 11.3482 18.9263 0.133221
12 9.6558 14.2734 -0.299103
13 9.31849 13.3415 0.078651
14 13.3587 1.79108 0.545351
15 0.878237 0.64228 -1.26936
16 14.1043 17.9443 -0.448814
17 11.7171 19.0494 0.221462
18 1.00042 0.861703 -0.766694
19 8.7616 12.541 0.336126
20 12.3831 1.28464 0.227932
21 10.8822 19.856 -0.146013
22 11.9671 0.569255 0.0877916
23 12.1685 0.968402 0.224966
24 13.6546 2.37235 0.607152
25 1.94626 1.08446 -0.980154
26 11.0883 0.765478 -0.270894
27 10.4314 17.2409 0.00438834
28 12.0645 19.5813 0.0630644
29 11.3064 1.85249 -0.326406
30 10.5627 17.5821 -0.193453
31 12.4582 1.35086 -0.00483398
32 11.1008 18.289 -0.0156766
33 11.4506 18.4697 -0.146475
34 11.844 0.202549 -0.133966
35 10.4095 17.5391 -0.306798
36 10.2887 15.6046 -0.0581018
37 12.1013 19.2599 0.145617
38 11.8969 19.4808 -0.0725466
39 10.2668 15.9698 0.151511
40 9.39035 13.8172 -0.35674
41 10.9922 18.1788 -0.0749416
42 11.9323 0.00829061 0.126854
43 11.6537 19.9604 -0.0701395
44 13.7469 1.72562 0.50524
45 11.4976 1.32519 -0.175172
46 10.906 18.4322 0.202895
47 13.6767 3.14859 0.676131
48 10.2882 15.7648 0.143737
49 11.9843 19.8775 0.2138
50 10.8253 17.2614 -0.140434
51 12.1042 19.8511 0.267344
52 13.325 3.35025 0.662375
53 11.1721 17.9503 -0.236636
54 1.3637 1.23805 -1.28503
55 11.0417 18.9322 0.145838
56 16.5716 14.6811 1.89624
57 10.5596 19.6621 -0.00809363
58 10.4169 16.8942 -0.179745
59 1.93838 0.82107 -0.992615
60 0.935967 1.22036 -1.12916
61 10.4607 17.6596 -0.0284379
62 14.0125 2.24729 0.755221
63 11.0103 18.8236 -0.299862
64 14.1026 1.93949 0.788069
65 9.24028 13.9868 -0.20598
66 8.47667 11.5972 0.0371423
67 10.7594 18.5208 0.0113654
68 10.833 18.4791 -0.208522
69 8.11946 10.4239 -0.495363
70 9.76982 0.0937871 -0.168636
71 12.14 19.3395 -0.257107
72 11.8776 18.9026 -0.0264287
73 13.6692 1.04601 0.287684
74 14.2756 17.9273 -0.361181
75 11.9408 19.538 0.327846
76 11.3807 18.5502 -0.280442
77 10.8843 17.486 -0.0500731
78 10.4269 17.5121 0.215256
79 10.692 17.0749 0.160073
80 9.30261 13.1544 -0.192122
81 3.8308 2.70569 -0.043841
82 9.94709 16.0596 0.137784
83 10.6125 0.356922 -0.635528
84 11.2486 18.5973 -0.0115987
85 12.2693 0.404048 0.0928825
86 11.7307 19.7882 0.00209076
87 1.80614 0.346363 -1.0541
88 3.66892 3.07216 -0.228591
89 12.0744 1.04343 -0.223779
90 2.71519 1.03234 -0.673935
91 12.0144 0.580233 -0.271875
92 12.9803 1.30315 0.337663
93 13.932 2.16795 0.386893
94 11.2058 18.9742 -0.0849031
95 10.6651 18.2977 0.14344
96 14.564 17.6435 -0.0703832
97 10.8186 18.2685 -0.197868
98 11.5095 18.9533 0.0545873
99 10.5091 17.1088 0.032014
