100
Particles
0 11.8421 17.3957 -0.273418
1 11.6707 16.5413 -0.166403
2 12.0567 17.5358 0.132769
3 13.3163 0.218766 0.208596
4 11.5004 17.1486 0.0742147
5 11.8918 17.715 0.128442
6 11.6777 17.9259 0.204796
7 11.7784 19.6799 -0.00699624
8 11.5873 19.9392 -0.346965
9 12.6505 18.8169 0.299588
10 13.3712 0.634099 -0.203628
11 12.5696 18.895 -0.104991
12 10.8448 14.2578 0.44302
13 10.5406 13.3927 0.321007
14 14.5295 2.20413 0.145788
15 1.33651 19.5 -1.22211
16 15.2476 17.4617 -0.409087
17 12.9359 19.1886 0.221838
18 1.66991 19.8406 -0.822822
19 9.95086 12.7448 -0.222904
20 13.6178 1.34454 0.291803
21 12.1124 0.036666 0.11621
22 13.2044 0.677935 -0.0124251
23 13.3985 0.995262 0.319295
24 14.7312 2.96044 0.451277
25 2.71212 0.112988 -0.905889
26 12.3181 0.895384 0.0543479
27 11.6565 17.1871 -0.0657267
28 13.2857 19.664 -0.0154711
29 12.4523 1.70112 0.00132162
30 11.7887 17.4523 -0.215494
31 13.6878 1.50557 0.209161
32 12.3306 18.1988 -0.0902694
33 12.65 18.5355 0.443894
34 13.0663 0.146253 -0.0857395
35 11.6494 17.4103 -0.156633
36 11.5255 15.496 -0.0465527
37 13.3404 19.305 0.0733212
38 13.1403 19.5346 0.111755
39 11.4997 15.926 -0.301385
40 10.6121 13.6687 0.00157724
41 12.2269 18.1109 -0.111443
42 13.162 0.222248 0.190706
43 12.8723 0.0195772 0.36994
44 14.9366 2.03778 0.11962
45 12.7348 1.20742 0.047075
46 12.1382 18.3307 0.102653
47 14.7506 3.7873 0.517984
48 11.5145 15.7097 -0.189452
49 13.191 19.9371 -0.108525
50 12.0471 17.0891 -0.256264
51 13.3246 0.0535524 -0.0689149
52 14.2697 4.15018 0.773675
53 12.3921 17.8714 0.285776
54 2.0645 0.220642 -1.21667
55 12.2638 19.1467 0.36917
56 16.6361 15.9222 1.50107
57 11.7855 19.5424 -0.0271298
58 11.6324 16.667 -0.132425
59 2.71768 19.8624 -0.866906
60 1.55858 0.158709 -0.948331
61 11.6762 17.4996 -0.00319855
62 15.1013 2.83895 0.585634
63 12.25 18.9697 0.025407
64 15.2223 2.43557 0.0321763
65 10.4249 13.8663 0.220296
66 9.70147 11.6452 -0.0865814
67 12.0018 18.5621 0.0738467
68 12.0225 18.41 0.328105
69 9.15624 9.74435 -0.72026
70 10.9702 19.7997 -0.260318
71 13.3753 19.4089 0.0251961
72 13.0852 18.93 -0.151316
73 14.8152 1.48793 0.356484
74 15.4283 17.4817 -0.552004
75 13.1702 19.6334 -0.154377
76 12.6051 18.7041 0.34545
77 12.0995 17.2496 -0.151392
78 11.6525 17.3565 0.0673173
79 11.9133 16.9738 -0.0210663
80 10.5144 13.1965 0.366478
81 4.96387 2.2404 -0.569227
82 11.176 15.8813 -0.250171
83 11.8381 0.330475 0.287727
84 12.4841 18.6634 -0.121149
85 13.4873 0.526854 -0.023298
86 12.9541 19.9883 0.028833
87 2.52831 19.3739 -0.615213
88 4.8857 2.9046 -0.261948
89 13.273 1.39244 0.350647
90 3.72478 0.304773 -0.492968
91 13.241 0.615769 0.083752
92 14.1785 1.60265 0.155748
93 15.0802 2.63369 0.330517
94 12.423 19.1902 0.377321
95 11.9022 18.1781 -0.118405
96 15.6758 17.0882 -0.41432
97 12.053 18.4064 0.123249
98 12.7264 19.1435 0.102882
99 11.7507 17.1591 0.0643233
