100
Particles
0 13.0679 17.2249 -0.327226
1 12.8977 16.6283 -0.282868
2 13.2851 17.5024 -0.153679
3 14.5371 0.38658 -0.169576
4 12.7033 16.8193 -0.312747
5 13.1223 17.6409 -0.0453464
6 12.8991 17.7882 -0.0459028
7 13.0114 19.618 -0.174993
8 12.8072 19.8404 0.0369061
9 13.8629 18.9203 0.228868
10 14.5994 0.666828 -0.00572676
11 13.7855 19.0603 0.183449
12 12.0515 14.5097 -0.0760251
13 11.7751 13.4663 -0.0531041
14 15.6834 2.60767 0.18244
15 1.79918 18.3718 -1.4775
16 16.3863 16.9521 -0.308713
17 14.1538 19.4343 0.266999
18 2.15754 18.6934 -1.1648
19 11.0846 13.2459 0.510124
20 14.846 1.41818 0.0420343
21 13.3338 0.0407146 -0.160868
22 14.4264 0.897231 0.146842
23 14.6067 1.16888 0.0534995
24 15.7882 3.60925 0.423467
25 3.33772 19.0515 -1.25997
26 13.5472 1.04103 0.271365
27 12.8526 16.8558 -0.0452877
28 14.5158 19.7649 -0.0731634
29 13.6415 2.04279 0.0747106
30 13.019 17.3289 -0.210151
31 14.9137 1.62365 0.187895
32 13.5503 18.0931 -0.361375
33 13.8662 18.4694 -0.353381
34 14.2744 0.316229 -0.137853
35 12.8461 17.1007 -0.375244
36 12.7594 15.3545 0.086309
37 14.5606 19.2914 -0.292844
38 14.3636 19.6636 0.0595673
39 12.6886 15.6385 -0.45956
40 11.7995 14.0467 0.354467
41 13.455 18.0926 -0.165968
42 14.3753 0.299551 0.370043
43 14.0819 0.229484 -0.185499
44 16.0467 2.53006 0.592606
45 13.9595 1.3575 0.126083
46 13.353 18.4333 -0.299272
47 15.8373 4.38842 0.461138
48 12.7096 15.3696 -0.194488
49 14.4084 0.153757 -0.0215093
50 13.272 17.151 -0.178467
51 14.5502 0.182713 0.295282
52 15.4189 4.63161 0.269026
53 13.6131 17.8926 0.103923
54 2.6983 19.1466 -1.05903
55 13.4938 19.2471 -0.203712
56 17.3844 16.6157 0.129081
57 13.0259 19.5012 0.111484
58 12.8406 16.38 -0.14608
59 3.52034 18.931 -1.13755
60 2.03554 19.0308 -1.21047
61 12.9029 17.4202 -0.056462
62 16.2597 3.20382 0.305522
63 13.4851 18.8322 0.0687908
64 16.324 2.96941 0.623793
65 11.6421 14.0663 -0.0202486
66 10.9112 11.4353 -0.377095
67 13.202 18.4616 -0.299866
68 13.2373 18.5518 -0.143581
69 10.266 9.17161 -0.55207
70 12.1813 19.5248 -0.037935
71 14.5829 19.698 0.245749
72 14.307 18.9777 0.255656
73 16.012 1.79389 -0.0172104
74 16.5195 16.8965 -0.433883
75 14.3961 19.8019 0.202035
76 13.8108 18.8253 -0.117459
77 13.34 17.3265 0.0328114
78 12.8653 17.1649 -0.364181
79 13.1485 17.1305 0.200171
80 11.7452 13.348 0.288175
81 6.16373 1.91921 -0.198974
82 12.3567 15.507 -0.499303
83 13.0783 0.348134 -0.161629
84 13.7059 18.7151 -0.337281
85 14.7233 0.588164 0.175568
86 14.1658 0.0855851 -0.0673306
87 3.28246 18.3962 -0.778163
88 6.07877 2.56249 -0.213494
89 14.5029 1.57683 0.276595
90 4.46506 19.3294 -0.937585
91 14.4717 0.757557 0.0710426
92 15.3756 1.89593 0.311488
93 16.2125 3.0984 0.526084
94 13.6469 19.1521 0.211192
95 13.141 18.1316 -0.0596787
96 16.8423 16.7943 0.0200663
97 13.2756 18.3391 -0.339082
98 13.9345 19.3259 0.327518
99 12.9678 16.9368 -0.164096
