100
Particles
0 14.2508 16.8613 -0.202919
1 14.1297 16.5176 0.0698789
2 14.4823 17.1654 -0.308202
3 15.7686 0.424653 -0.0953009
4 13.9357 16.6689 -0.0894544
5 14.355 17.5097 -0.0608983
6 14.1128 17.6091 -0.214869
7 14.2422 19.5428 -0.188779
8 14.03 19.7175 -0.155821
9 15.087 18.7448 -0.309466
10 15.8229 0.833315 0.311293
11 15.0078 18.9624 -0.189528
12 13.2585 14.4775 0.143832
13 12.9913 13.6932 0.222812
14 16.815 3.08934 0.184799
15 2.42714 17.3434 -0.615005
16 17.5761 16.671 -0.513646
17 15.3996 19.4439 0.128394
18 2.87806 17.7146 -0.830183
19 12.2623 13.6446 0.148532
20 16.0673 1.60191 -0.0772108
21 14.5286 0.11607 -0.283445
22 15.6474 1.12683 0.0705422
23 15.8149 1.43752 -0.0476489
24 16.982 3.97716 0.3006
25 4.07417 18.0672 -0.717056
26 14.7455 1.31908 0.319188
27 14.0535 16.5725 -0.398803
28 15.7557 19.7669 -0.0188945
29 14.8544 2.18322 0.290793
30 14.2432 17.2154 -0.172004
31 16.1327 1.72361 0.374668
32 14.7682 17.8561 -0.230393
33 15.1015 18.4559 0.0101968
34 15.5031 0.333309 0.334989
35 14.0615 16.9804 -0.0994531
36 13.912 15.0268 0.180581
37 15.8038 19.2093 -0.192154
38 15.6072 19.6769 -0.0243265
39 13.8901 15.432 -0.379454
40 13.0333 14.0813 0.119711
41 14.6556 17.7604 -0.390703
42 15.5874 0.523164 0.086241
43 15.2986 0.450271 0.237522
44 17.1504 3.0669 0.637137
45 15.1841 1.5126 -0.0683231
46 14.5776 18.2434 0.0213811
47 17.0452 4.66717 0.0586697
48 13.9306 15.2126 -0.192799
49 15.6311 0.28267 0.284511
50 14.5141 17.157 0.124496
51 15.7876 0.252763 0.143609
52 16.6517 4.66125 0.184984
53 14.8254 17.7436 -0.237376
54 3.29341 18.0554 -1.03654
55 14.7006 19.0436 -0.293662
56 18.6172 16.4254 -0.230916
57 14.2575 19.5839 -0.0519304
58 14.0516 16.2189 0.188772
59 4.22543 17.9187 -1.15353
60 2.81142 18.0624 -0.682313
61 14.1288 17.2327 0.0169236
62 17.3961 3.63701 0.230259
63 14.7199 18.7672 0.0986803
64 17.423 3.52688 0.50456
65 12.8655 14.092 0.408664
66 11.967 10.7821 -0.708857
67 14.4372 18.3524 0.161322
68 14.4719 18.4258 -0.0555277
69 11.4187 8.71724 -0.597716
70 13.416 19.6355 0.0729467
71 15.817 19.8316 0.311558
72 15.5357 18.9742 0.217614
73 17.1847 2.13161 -0.03817
74 17.7178 16.5965 -0.259262
75 15.6209 19.988 0.165845
76 15.0443 18.9 0.1414
77 14.5619 17.1395 -0.0624657
78 14.1114 17.1553 -0.0352062
79 14.3836 17.0189 -0.0308546
80 12.9372 13.6577 -0.0309097
81 7.3905 2.04934 0.348097
82 13.5804 15.3532 0.154358
83 14.304 0.467662 0.329631
84 14.9374 18.609 0.012514
85 15.9505 0.67569 0.0200905
86 15.375 0.239034 0.243409
87 3.75947 17.2449 -1.15235
88 7.31088 2.66792 0.0118594
89 15.7432 1.64868 0.0280178
90 5.10113 18.2714 -1.0868
91 15.7058 0.739179 0.283915
92 16.5923 2.02745 0.0684455
93 17.3644 3.5188 0.180105
94 14.8762 19.0983 -0.146857
95 14.3772 17.9778 -0.0755115
96 18.0646 16.5932 -0.218477
97 14.5195 18.3769 -0.0320689
98 15.1707 19.3872 -0.0834731
99 14.1763 16.7072 0.049444
