100
Particles
0 15.4719 16.7078 0.0979946
1 15.3303 16.1814 -0.155328
2 15.6997 17.058 -0.060624
3 16.9664 0.660786 0.442624
4 15.1577 16.4432 -0.151639
5 15.5943 17.6077 0.192153
6 15.3438 17.45 -0.103975
7 15.4763 19.4294 0.0749326
8 15.2377 19.7112 0.25408
9 16.3175 18.8341 0.200865
10 17.0509 0.889421 0.147031
11 16.2244 18.939 0.265451
12 14.4468 14.7596 -0.131559
13 14.1003 14.226 0.572148
14 18.0581 3.1676 -0.075562
15 3.28512 16.4463 -0.979054
16 18.8122 16.5907 0.101961
17 16.611 19.6311 0.0954683
18 3.73996 16.8456 -1.02493
19 13.4 14.1336 0.570382
20 17.2967 1.54838 0.189473
21 15.7538 0.226526 0.278487
22 16.841 1.42696 0.274111
23 17.0256 1.57363 0.426458
24 18.1607 4.36493 0.139284
25 4.79954 17.0516 -1.01568
26 15.8253 1.9366 0.409257
27 15.2738 16.3657 -0.266798
28 16.99 19.7389 0.0588087
29 15.9908 2.62489 0.661251
30 15.454 16.9826 -0.217084
31 17.342 1.78806 0.284192
32 16.0136 17.8781 0.0382439
33 16.3138 18.2183 -0.371088
34 16.7251 0.499552 0.0711769
35 15.2718 16.7236 -0.289036
36 15.1413 14.9051 0.107012
37 17.0201 19.2672 -0.100675
38 16.8347 19.8042 0.103114
39 15.107 15.3933 -0.285048
40 14.1682 14.5883 0.407874
41 15.8917 17.7243 0.141292
42 16.7979 0.810748 0.119091
43 16.5151 0.689775 0.138216
44 18.3827 3.241 0.232528
45 16.3846 1.82237 0.419452
46 15.8142 18.1567 0.0742697
47 18.2636 4.83162 0.182639
48 15.1787 15.1742 0.00273452
49 16.8534 0.491792 0.238235
50 15.7535 17.1565 -0.224811
51 16.9861 0.493533 0.470899
52 17.8113 5.08064 0.462522
53 16.0422 17.5123 0.0477553
54 4.11054 17.1355 -0.545838
55 15.9277 18.941 -0.25518
56 19.801 16.1102 -0.132255
57 15.4923 19.4829 0.0815013
58 15.2813 16.0509 -0.319522
59 4.99071 16.9407 -0.867997
60 3.80734 17.3321 -0.806919
61 15.3509 17.0748 0.0905047
62 18.6057 3.82386 -0.103026
63 15.9458 18.6858 0.0792378
64 18.645 3.72398 -0.0131586
65 14.0182 14.5584 0.343392
66 12.9804 10.0725 -0.732575
67 15.6709 18.2798 0.14053
68 15.7157 18.4654 0.0940966
69 12.0206 7.65729 -1.37189
70 14.6441 19.7197 0.31967
71 17.0491 19.9136 0.268245
72 16.7713 18.9429 0.25943
73 18.3948 2.36458 0.339384
74 18.9314 16.354 -0.045704
75 16.8571 0.129766 0.174708
76 16.2821 18.8414 -0.0300976
77 15.7875 17.0195 0.156742
78 15.3407 17.1495 0.226101
79 15.5949 16.8714 0.0609409
80 14.1547 13.9063 0.0176194
81 8.6134 2.27793 0.264371
82 14.8105 15.2801 -0.195927
83 15.5192 0.212275 -0.10392
84 16.1579 18.7336 0.190091
85 17.149 0.978507 0.309903
86 16.6049 0.314513 0.261059
87 4.52169 16.2824 -0.731574
88 8.52825 2.76581 -0.173414
89 16.9757 1.67994 -0.0582876
90 5.70122 17.2027 -0.79529
91 16.9167 0.982042 0.0633882
92 17.8184 2.08431 -0.230828
93 18.5896 3.6682 0.290886
94 16.1169 19.2109 0.000876192
95 15.5884 17.7427 -0.215861
96 19.2397 16.277 -0.532282
97 15.7418 18.2034 0.145719
98 16.3971 19.3177 -0.0282415
99 15.4118 16.5925 -0.120243
