100
Particles
0 16.7188 16.7016 -0.0525331
1 16.5558 16.3637 -0.106171
2 16.9327 16.9623 0.0725767
3 18.1676 0.908415 0.279646
4 16.3957 16.3887 0.0609472
5 16.8311 17.5277 -0.19773
6 16.5698 17.2786 -0.272001
7 16.6582 19.8272 0.193535
8 16.4042 0.0962548 0.497074
9 17.5456 18.9714 0.256988
10 18.1969 1.35326 0.65368
11 17.4086 19.2713 0.433922
12 15.6813 14.6254 -0.179301
13 15.3356 14.306 0.214641
14 19.2906 3.17802 0.255301
15 3.91162 15.3888 -0.90181
16 0.0352143 16.3508 -0.280521
17 17.7928 19.9943 0.0504998
18 4.64158 16.0231 -1.14746
19 14.5887 14.3906 -0.0812902
20 18.5212 1.74927 0.37157
21 16.9316 0.516316 0.437754
22 17.9608 1.93121 0.54111
23 18.1815 2.00421 0.0423555
24 19.396 4.3494 -0.0659909
25 5.63605 16.1603 -0.743898
26 16.9477 2.47448 0.477897
27 16.5018 16.2296 -0.063803
28 18.2091 19.9795 0.265335
29 17.0778 3.22169 0.536491
30 16.6849 17.1511 0.224943
31 18.5135 2.18471 0.375317
32 17.257 17.9365 -0.0906151
33 17.5461 18.3463 0.158617
34 17.8947 0.9326 0.423164
35 16.4877 16.6326 -0.250814
36 16.3637 14.6643 -0.100773
37 18.2492 19.3189 0.318039
38 18.0398 0.0267748 0.251882
39 16.2984 15.1134 -0.309865
40 15.3947 14.5942 0.208995
41 17.1325 17.5946 -0.122882
42 17.9854 1.13887 0.0587897
43 17.6207 1.23806 0.519356
44 19.6107 3.37715 0.220218
45 17.4635 2.43865 0.616109
46 17.0168 18.4729 0.114654
47 19.4787 5.10807 0.359126
48 16.3714 14.9995 0.165825
49 18.0357 0.826014 0.292214
50 16.9745 17.0219 0.189647
51 18.1319 0.951756 0.62607
52 18.9345 5.6021 0.166187
53 17.2836 17.523 0.0162886
54 4.90415 16.1888 -0.703047
55 17.1393 19.0555 -0.137205
56 1.00401 15.8683 -0.334769
57 16.7014 19.652 0.162377
58 16.5055 15.8804 -0.315122
59 5.6079 15.8727 -1.13938
60 4.83299 16.635 -0.440792
61 16.5689 17.1294 0.284007
62 19.8248 3.93901 0.25486
63 17.1572 18.8597 -0.105061
64 19.8521 3.94575 0.275807
65 15.2477 14.7317 -0.0104046
66 13.7119 9.07743 -1.13911
67 16.8974 18.4853 0.258426
68 16.9462 18.6238 0.242965
69 12.8913 6.82512 -0.438919
70 15.8355 0.0509145 0.322341
71 18.2677 0.174462 0.124773
72 18.0111 18.9185 -0.087654
73 19.6336 2.47699 0.208806
74 0.156062 16.1985 0.0484062
75 17.9936 0.600227 0.572036
76 17.494 19.1248 0.234468
77 17.0108 17.0101 0.189091
78 16.5578 17.2415 0.289337
79 16.8246 17.0202 0.264087
80 15.3798 13.9922 0.0788636
81 9.81047 2.01492 -0.46017
82 16.0428 15.1807 -0.039929
83 16.7575 0.295958 0.140461
84 17.3754 18.9028 0.298964
85 18.2784 1.50669 0.429939
86 17.8017 0.586386 0.054892
87 5.40747 15.429 -0.611684
88 9.73446 2.48625 -0.0884966
89 18.2119 1.85256 0.125328
90 6.27277 16.0937 -1.07458
91 18.0962 1.32416 0.568262
92 19.0551 2.20619 -0.047163
93 19.8204 3.87012 0.235758
94 17.3508 19.2947 -0.112751
95 16.8132 17.6455 -0.178007
96 0.4242 15.9284 -0.123543
97 16.9636 18.275 0.17853
98 17.5999 19.5435 0.333884
99 16.6326 16.5169 -0.0448092
