100
Particles
0 15.0086 19.4313 -0.12289
1 15.0137 19.7368 -0.150687
2 14.9915 19.8429 0.0985346
3 14.9715 19.6854 -0.250409
4 14.9764 18.9137 0.0848458
5 14.9485 19.5808 -0.171244
6 14.9791 19.5957 0.185918
7 15.0422 0.43965 0.124234
8 15.0013 19.8441 0.15234
9 14.993 19.8056 -0.203252
10 14.9875 19.9311 -0.102867
11 15.0285 0.0683858 -0.126817
12 14.9586 19.3972 -0.314468
13 15.0339 19.7412 0.251947
14 14.9501 0.218309 0.237748
15 14.9202 19.1313 0.264394
16 15.0267 0.783382 0.0883018
17 14.9691 19.5851 -0.170661
18 14.9723 19.4603 0.169762
19 14.9734 19.6703 -0.278968
20 15.0545 19.9087 -0.113305
21 15.0079 19.4076 0.0168151
22 14.9781 19.613 0.127017
23 15.0169 19.8769 -0.0648526
24 14.9929 19.6722 -0.134893
25 14.952 18.76 -0.0873188
26 14.996 19.5746 0.0716853
27 14.9515 19.6204 -0.0987503
28 14.984 19.6027 -0.116101
29 15.0397 19.8627 -0.262225
30 14.9813 19.6283 0.208846
31 14.9929 19.6995 0.0714136
32 15.0055 19.7447 -0.0575754
33 14.9822 19.7159 -0.0906012
34 14.9581 19.9774 -0.312881
35 14.9532 19.7505 -0.0298457
36 14.9675 18.9357 -0.25714
37 14.9818 19.6271 -0.292856
38 14.967 0.0721556 0.229021
39 15.0053 19.4185 0.0580109
40 14.9532 19.0549 -0.195208
41 14.9899 18.9372 -0.244907
42 14.9932 19.9078 -0.333227
43 15.0275 0.0360216 -0.110703
44 14.9898 0.0279886 -0.214403
45 15.0444 19.7201 0.262686
46 15.0036 19.303 0.211996
47 15.0542 0.326062 -0.0742308
48 14.9862 19.3038 -0.19143
49 15.0021 19.8043 0.210071
50 15.0062 19.3298 0.0686714
51 14.9876 18.9926 0.000913553
52 15.0162 19.8923 -0.287953
53 14.9524 19.1393 -0.111543
54 14.9788 18.8792 0.0515091
55 15.0271 19.9308 -0.314903
56 15.0062 19.4016 -0.309022
57 14.9636 19.727 0.211728
58 15.0253 19.4352 -0.213828
59 14.9861 19.1928 0.0714469
60 14.9843 0.0604724 0.00797679
61 14.966 19.5839 -0.282985
62 14.9563 0.128705 -0.255645
63 14.9866 19.8912 0.235836
64 14.9397 19.979 -0.15626
65 14.9651 19.8655 -0.206838
66 15.0322 19.447 0.178618
67 14.9712 0.599276 -0.256591
68 15.0003 19.3426 -0.0454136
69 15.0253 19.5575 -0.199179
70 15.0218 0.0446201 -0.0524134
71 15.0122 0.144448 -0.147036
72 15.0416 19.4556 0.0963322
73 15.0641 19.9937 0.233659
74 14.9758 19.6977 -0.258968
75 15.0348 0.0351537 -0.199801
76 15.0164 19.753 0.17571
77 14.9615 19.2282 0.126489
78 15.0127 19.7888 0.029856
79 15.0009 19.3922 -0.16199
80 14.9879 19.8817 0.264862
81 15.0246 19.5337 0.22151
82 15.01 19.4849 0.0683359
83 15.02 19.9724 -0.0660528
84 14.9826 19.1971 0.0307808
85 15.0077 19.5254 -0.0947857
86 14.9765 19.9666 -0.249901
87 14.9609 19.0731 0.101675
88 14.996 19.2107 -0.133658
89 14.9737 19.2377 -0.0942834
90 14.9798 19.4428 0.102649
91 14.9953 19.7372 0.233667
92 15.0608 0.026147 0.176315
93 14.9876 0.0653911 -0.0541907
94 14.9276 19.7267 0.274118
95 14.9878 19.514 0.157785
96 14.9857 19.251 0.224379
97 14.9945 19.8447 -0.0711265
98 15.0027 19.7468 -0.0368567
99 14.988 19.7141 -0.121279
