100
Particles
0 17.9425 16.6736 0.258239
1 17.7649 16.5526 0.335313
2 18.1691 17.0262 0.0399227
3 19.3411 1.28848 0.138797
4 17.6298 16.4193 -0.23096
5 18.0592 17.5679 0.172427
6 17.8026 17.3264 0.3389
7 17.8759 0.0512037 0.303907
8 17.6289 0.259522 0.320446
9 18.7477 19.2025 0.410345
10 19.3748 1.68437 0.268758
11 18.6318 19.4026 0.411938
12 16.9298 14.6185 0.0024976
13 16.5557 14.1877 0.291555
14 0.491896 3.49717 0.112853
15 3.83792 14.1667 -1.66913
16 1.24469 16.0763 -0.289578
17 19.0167 0.158558 -0.0645874
18 5.58215 15.2285 -0.73472
19 15.8183 14.2481 -0.234115
20 19.7157 1.99875 -0.00043517
21 18.0599 1.00902 0.464845
22 19.1432 2.2774 0.212317
23 19.3474 2.44492 0.379128
24 0.543713 4.82271 0.48801
25 6.60198 15.3965 -0.511108
26 18.0479 3 0.24607
27 17.7233 16.2382 -0.22302
28 19.4584 19.9989 -0.0401268
29 18.1881 3.74714 0.467257
30 17.9256 17.151 0.0725396
31 19.7396 2.36322 -0.0347705
32 18.4823 18.0551 0.374442
33 18.7728 18.4759 0.198401
34 19.0383 1.38429 0.381387
35 17.7201 16.6191 -0.000614661
36 17.6067 14.5825 -0.212922
37 19.4389 19.673 0.233764
38 19.2636 0.250319 0.0874249
39 17.5262 15.1814 0.381994
40 16.6376 14.6516 0.058161
41 18.3618 17.6839 0.315554
42 19.1505 1.53661 0.0947724
43 18.8157 1.55831 0.0357404
44 0.843131 3.48878 -0.0710163
45 18.5458 3.05483 0.483586
46 18.2293 18.7203 0.0293997
47 0.681086 5.41094 0.314521
48 17.6143 15.105 0.122273
49 19.1866 1.26303 0.240562
50 18.2166 17.0048 0.124392
51 19.2762 1.41569 0.230092
52 0.15458 5.74412 0.418981
53 18.4973 17.7775 0.188757
54 5.86747 15.4111 -0.871646
55 18.3384 19.3052 0.549134
56 2.20823 15.5941 -0.266237
57 17.9249 19.8029 0.362794
58 17.7305 16.0908 0.337323
59 6.43171 15.0049 -0.42168
60 5.63918 15.7225 -0.981928
61 17.7951 17.0969 -0.228091
62 1.00213 4.28401 0.317974
63 18.3348 19.2232 0.480931
64 1.07722 4.1291 0.275219
65 16.4671 14.6506 0.257912
66 13.9131 7.85933 -1.66827
67 18.1017 18.6529 0.00254312
68 18.1257 19.0127 0.10618
69 13.9484 6.16812 -0.672188
70 17.0432 0.341681 0.187812
71 19.4819 0.423412 0.403929
72 19.2443 18.9967 0.0888022
73 0.85985 2.58863 0.321847
74 1.37913 15.9976 -0.079057
75 19.1103 1.14444 0.345156
76 18.7333 19.2623 0.106577
77 18.2494 17.0291 -0.175545
78 17.7895 17.2071 -0.140273
79 18.0445 17.2671 0.192933
80 16.6168 13.8554 -0.10423
81 10.9958 1.77953 0.241085
82 17.274 15.1831 -0.114444
83 17.9153 0.696631 0.527416
84 18.6089 19.0682 0.271845
85 19.4707 1.82417 0.181858
86 18.9322 1.08994 0.396883
87 6.3752 14.6688 -0.452481
88 10.9628 2.43854 0.269676
89 19.3755 2.26426 0.235149
90 7.15278 15.2622 -0.491597
91 19.2896 1.66341 0.32375
92 0.230546 2.57 0.55079
93 1.01853 4.09443 0.0809958
94 18.5749 19.4451 0.288439
95 18.0296 17.7663 -0.081043
96 1.63073 15.6602 -0.376621
97 18.1821 18.4888 0.0411872
98 18.8182 19.6812 -0.0339019
99 17.8701 16.4784 0.0204534
