100
Particles
0 19.1682 16.5725 -0.233328
1 18.9928 16.634 -0.107821
2 19.403 16.9074 -0.177998
3 0.551376 1.55693 0.44571
4 18.8558 16.469 0.332354
5 19.2908 17.3755 -0.226801
6 19.0439 17.4167 0.14064
7 18.9602 0.66582 0.517666
8 18.7983 0.609038 0.455505
9 19.9584 19.42 0.323784
10 0.563702 2.00607 0.243364
11 19.8239 19.7052 0.06884
12 18.1583 14.6998 0.00755816
13 17.7267 14.5621 0.588847
14 1.65032 3.93061 0.105185
15 3.55218 12.9558 -1.66002
16 2.48031 15.9556 0.031374
17 0.259743 0.206159 0.182669
18 6.33797 14.2638 -0.815634
19 17.0011 14.5909 0.0470912
20 0.918095 2.24374 0.27973
21 19.1226 1.64546 0.625114
22 0.330952 2.57001 0.0695511
23 0.54603 2.73822 0.250645
24 1.7492 5.08656 0.0701938
25 7.51399 14.581 -0.693244
26 19.238 3.35514 0.364407
27 18.9435 16.4811 0.345787
28 0.679999 0.11015 0.275715
29 19.3385 4.19594 0.238264
30 19.1383 17.3459 0.207571
31 0.963583 2.54076 0.24009
32 19.6547 18.4696 0.138884
33 19.9902 18.6775 0.176437
34 0.246135 1.53682 0.467157
35 18.9567 16.533 0.103163
36 18.8325 14.7812 0.121413
37 0.660656 19.7895 0.217774
38 0.506415 0.261355 0.0917354
39 18.7384 15.2717 0.512651
40 17.8308 14.9495 0.183629
41 19.5771 17.764 -0.109508
42 0.372954 1.73029 0.0348573
43 0.0070184 1.8654 0.0835191
44 2.01923 3.89592 0.310589
45 19.6281 3.65932 0.419629
46 19.4692 18.8158 -0.024841
47 1.817 5.87601 0.507896
48 18.8249 15.2971 0.352531
49 0.380537 1.58203 0.239054
50 19.461 16.9403 -0.0713588
51 0.485969 1.67738 0.325904
52 1.28454 6.26135 0.339161
53 19.7122 17.9601 0.429869
54 6.68727 14.4967 -0.855706
55 19.5482 19.5789 0.161291
56 3.40518 15.3387 -0.322327
57 19.1485 0.04569 0.19354
58 18.9558 16.2546 0.198081
59 7.4154 14.2378 -0.62201
60 6.35967 14.7356 -1.1541
61 19.0162 17.26 0.330721
62 2.21266 4.55712 0.208747
63 19.5281 19.4908 0.29911
64 2.29956 4.34015 0.324643
65 17.6411 15.0708 0.447149
66 13.8145 6.62264 -1.765
67 19.3169 18.8632 0.126193
68 19.2951 19.4026 0.449834
69 14.9872 5.48506 -0.69001
70 18.1591 0.860669 0.646629
71 0.705447 0.584061 -0.133177
72 0.465189 19.1483 -0.0357347
73 2.07663 2.67263 -0.0666562
74 2.60711 15.9361 -0.165775
75 0.354832 1.16739 0.0578271
76 19.9343 19.5747 0.423847
77 19.4762 17.034 0.0718895
78 19.0314 17.2332 0.0252505
79 19.2734 17.2788 -0.177643
80 17.7849 14.2768 0.227583
81 12.1482 2.2145 0.650738
82 18.4923 15.3985 -0.0691001
83 19.0175 1.2731 0.511193
84 19.8303 19.2468 0.283003
85 0.698076 2.01495 -0.0232583
86 0.170791 1.22868 0.154779
87 7.31531 13.8766 -1.03958
88 12.1123 2.85872 0.397552
89 0.585609 2.54952 0.385874
90 8.12717 14.4942 -0.826966
91 0.489062 1.94588 0.263652
92 1.46115 2.64575 -0.157159
93 2.182 4.51702 0.490885
94 19.7925 19.6637 0.346553
95 19.2309 18.0501 0.424554
96 2.87253 15.6571 -0.117154
97 19.4036 18.6908 0.173062
98 0.020115 19.9949 0.0501668
99 19.0876 16.5691 0.0751489
