100
Particles
0 0.373665 16.7791 0.451503
1 0.178332 16.9693 0.524806
2 0.612027 17.2034 0.143848
3 1.7502 1.83302 0.136855
4 0.0736335 16.6434 0.0648683
5 0.516048 17.5782 0.121007
6 0.26043 17.6052 0.240623
7 0.0568641 1.20757 0.51878
8 19.8799 1.18729 0.24074
9 1.16102 19.6636 0.353572
10 1.75899 2.30009 0.322949
11 1.01846 0.0403664 0.367499
12 19.3784 14.8472 0.205732
13 18.9478 14.342 -0.401872
14 2.83647 4.28553 0.11952
15 3.65442 11.7125 -1.54578
16 3.71206 15.8811 -0.0652606
17 1.45407 0.529799 0.368275
18 7.06282 13.2635 -1.20721
19 18.2221 14.5338 -0.224027
20 2.13741 2.43293 0.0445516
21 0.0756274 2.34788 1.11382
22 1.54184 2.82399 0.308611
23 1.76736 2.92374 0.38217
24 2.9512 5.39528 0.167025
25 8.27355 13.6117 -0.819243
26 0.422286 3.71217 0.0737099
27 0.139097 16.7705 0.343989
28 1.88907 0.366578 0.190484
29 0.526962 4.52994 0.281344
30 0.36575 17.3758 -0.0827279
31 2.20126 2.63755 -0.0762496
32 0.896791 18.5325 0.145921
33 1.22162 18.8066 -0.0483414
34 1.46685 1.72977 0.144348
35 0.191074 16.6485 -0.00734385
36 0.0397195 15.0062 0.0400176
37 1.82906 0.212236 0.163932
38 1.63766 0.778388 0.55219
39 19.9596 15.3354 0.0142921
40 19.0729 14.8864 -0.213603
41 0.815209 17.919 0.115465
42 1.60215 1.84902 -0.120239
43 1.21894 2.0148 -0.118297
44 3.21765 4.2067 0.234569
45 0.838499 3.91609 0.280963
46 0.683455 18.8683 -0.02505
47 3.01418 6.109 -0.0597934
48 0.0224856 15.5194 -0.14288
49 1.58573 1.86773 0.458003
50 0.677655 17.0305 0.430893
51 1.66526 2.05977 0.422479
52 2.48721 6.47175 -0.0602565
53 0.936842 18.1686 0.161848
54 7.35376 13.4555 -1.04551
55 0.786848 19.6191 0.250915
56 4.595 15.1975 -0.160354
57 0.336591 0.313057 -0.0164213
58 0.131558 16.6311 0.393697
59 8.03209 13.1621 -0.88873
60 7.00688 13.6796 -0.950013
61 0.222425 17.5247 0.388818
62 3.41135 4.86917 -0.0112482
63 0.737546 19.7396 0.107493
64 3.53564 4.47881 0.0173845
65 18.8464 14.9997 -0.280846
66 13.297 5.52987 -2.40413
67 0.541041 19.0064 0.135566
68 0.497236 19.6275 0.00657933
69 16.0237 4.79711 -0.657642
70 19.1332 1.63245 0.522286
71 1.84948 1.03135 0.573867
72 1.68695 19.3383 0.254343
73 3.24425 2.94367 0.364628
74 3.77777 15.5995 -0.452537
75 1.52574 1.55842 0.221078
76 1.11856 19.9301 0.427852
77 0.661295 17.274 0.460814
78 0.215093 17.6023 0.387699
79 0.441079 17.6738 0.000596646
80 18.9966 14.1038 -0.456574
81 13.3175 2.62364 0.498245
82 19.7185 15.5337 0.0233857
83 0.0293473 1.97567 0.437414
84 1.06965 19.2583 -0.129636
85 1.9219 2.19713 0.233987
86 1.39439 1.43274 0.0961876
87 7.93827 12.8296 -1.03335
88 13.258 3.32539 0.29628
89 1.81712 2.59623 -0.162583
90 8.77598 13.4989 -1.03196
91 1.70424 2.11554 -0.0828318
92 2.66683 2.81352 0.386637
93 3.35527 4.84548 0.576543
94 0.989589 19.9662 0.0350435
95 0.437467 18.3087 -0.0700783
96 4.09528 15.5299 -0.0783292
97 0.617557 18.8449 0.300366
98 1.21185 0.323606 0.239885
99 0.315272 16.6908 -0.0197337
