100
Particles
0 1.61513 16.8489 0.145759
1 1.37361 17.319 0.306772
2 1.83765 17.2693 0.159754
3 2.96206 2.06506 0.293429
4 1.31563 16.5979 -0.109074
5 1.72253 17.7869 0.272292
6 1.48525 17.7587 0.0431366
7 1.16294 1.73066 0.679782
8 0.877051 1.93138 0.69542
9 2.38659 19.7152 -0.11589
10 2.93447 2.62346 0.435003
11 2.2183 0.232021 0.236414
12 0.595001 14.975 -0.270824
13 0.186311 14.3208 0.189278
14 3.99958 4.69348 0.174239
15 4.32132 10.6821 -0.764458
16 4.92151 15.6466 -0.26599
17 2.6331 0.903082 0.131074
18 7.32624 12.0564 -1.1568
19 19.4468 14.4167 0.0540984
20 3.35317 2.68365 0.204566
21 0.925619 3.2398 0.677109
22 2.72802 3.19302 0.18661
23 2.9424 3.30662 0.393139
24 4.15544 5.62011 0.2475
25 8.84532 12.5199 -1.13771
26 1.65359 3.78255 0.00207345
27 1.35255 16.855 0.357985
28 3.07499 0.71409 0.332078
29 1.74451 4.72605 0.344814
30 1.59815 17.5331 0.154112
31 3.3594 3.0659 0.374407
32 2.12786 18.6014 -0.245565
33 2.44583 18.7972 -0.174959
34 2.68445 1.96623 0.0310425
35 1.40088 16.7358 -0.108829
36 1.27614 15.1684 0.206651
37 3.02975 0.465167 -0.139994
38 2.83354 1.09669 0.115742
39 1.18607 15.552 0.0614149
40 0.297411 14.6934 -0.167439
41 2.0271 17.9454 -0.193553
42 2.75634 2.25268 0.0596044
43 2.42464 2.22766 0.0919615
44 4.38737 4.5881 0.357358
45 2.08252 3.96043 -0.0127634
46 1.90917 18.824 0.0359869
47 4.22389 6.3004 0.437014
48 1.22196 15.7646 0.186344
49 2.80862 2.02082 0.236516
50 1.91015 17.0601 -0.0876788
51 2.86631 2.34193 0.333079
52 3.70167 6.71786 0.1238
53 2.16242 18.2514 0.144349
54 7.80942 12.3445 -1.5392
55 2.02929 19.6123 -0.0849797
56 5.77653 15.2846 0.377251
57 1.53782 0.534191 0.107054
58 1.33013 16.8814 0.134789
59 8.48966 12.0113 -1.34294
60 7.46212 12.5354 -1.35856
61 1.44763 17.6814 -0.143006
62 4.56626 5.33133 0.335987
63 1.97272 19.8793 0.00256583
64 4.68934 4.82579 0.7457
65 0.0440645 14.6656 -0.21529
66 12.2896 4.81677 -2.72365
67 1.76811 19.1108 -0.139563
68 1.69508 19.8557 0.366589
69 16.9121 3.93931 -1.00856
70 0.231492 2.20087 0.612261
71 3.02359 1.37911 0.424877
72 2.92354 19.3398 -0.149614
73 4.29357 3.61713 0.523846
74 5.01671 15.5732 -0.165962
75 2.71723 1.88788 0.286932
76 2.35661 19.9895 0.197085
77 1.89562 17.4141 0.0527735
78 1.43766 17.6764 -0.0892791
79 1.66196 17.9066 0.21963
80 0.185419 13.8761 0.129618
81 14.4565 3.07298 0.0547238
82 0.944229 15.5299 -0.15172
83 1.06809 2.64844 0.489975
84 2.30266 19.3738 0.00435882
85 3.15228 2.38085 -0.0242791
86 2.57396 1.82417 0.443412
87 8.50677 11.7335 -1.04965
88 14.4702 3.60493 0.16631
89 2.98768 2.97579 0.582416
90 9.2693 12.3832 -1.09041
91 2.87272 2.52804 0.133478
92 3.87056 3.10308 0.347694
93 4.53318 5.22613 0.232828
94 2.21733 0.151646 0.179079
95 1.6677 18.2416 -0.200317
96 5.32881 15.5167 0.248456
97 1.85652 18.892 0.171442
98 2.43515 0.573276 0.219651
99 1.55275 16.6766 -0.242131
