100
Particles
0 2.85335 16.6919 -0.160429
1 2.59255 17.562 0.150317
2 3.06144 17.3714 -0.0338631
3 4.17656 2.28746 0.355141
4 2.54129 16.4824 -0.247734
5 2.95897 17.8073 0.131963
6 2.69203 17.9267 0.372249
7 2.19341 2.40333 0.410553
8 1.90833 2.6252 0.495896
9 3.62078 19.7811 0.0798414
10 4.12427 2.99192 0.415554
11 3.44007 0.257661 -0.0475297
12 1.82052 14.9757 0.0578098
13 1.42233 14.2435 -0.127135
14 5.07953 5.27957 0.748602
15 5.46341 10.2505 -0.132027
16 6.15884 15.6765 -0.133113
17 3.8631 1.06973 0.101184
18 7.66214 10.8654 -1.14697
19 0.67368 14.5792 0.175082
20 4.57055 2.8785 0.092747
21 1.99188 3.85107 0.771418
22 3.97408 3.17222 0.0292376
23 4.12554 3.62543 0.418162
24 5.27945 6.11354 0.256126
25 9.34911 11.3882 -1.14034
26 2.76481 4.3448 0.502971
27 2.5847 17.049 0.0646586
28 4.30255 0.855 -0.0122175
29 2.96053 4.96007 0.155299
30 2.83437 17.4917 0.234724
31 4.56444 3.14739 0.0290309
32 3.36001 18.6453 0.210721
33 3.67852 18.72 -0.169645
34 3.90193 2.08619 0.0793685
35 2.63779 16.722 -0.0543691
36 2.51215 15.1312 -0.00783002
37 4.24362 0.692511 0.130566
38 4.07861 1.18747 0.0966509
39 2.40497 15.4871 -0.0880882
40 1.51874 14.5418 -0.371687
41 3.25038 18.0534 -0.108096
42 3.97084 2.39599 0.145576
43 3.61664 2.57887 0.308658
44 5.56528 4.94696 0.410453
45 3.28397 4.16916 0.490536
46 3.1243 18.8079 0.142829
47 5.33295 6.82005 0.420839
48 2.46022 15.8988 0.100185
49 4.01048 2.20139 -0.139981
50 3.12888 17.2801 0.32204
51 4.09501 2.43823 0.00885393
52 4.82964 7.21803 0.491602
53 3.39182 18.1698 -0.0303186
54 8.1039 11.1348 -1.50879
55 3.24594 19.8716 0.23607
56 6.99301 15.4597 0.298949
57 2.76729 0.731725 0.104097
58 2.55142 17.0424 -0.133889
59 8.74504 10.7916 -1.22064
60 7.90184 11.38 -1.10297
61 2.67221 17.554 -0.221771
62 5.75086 5.69663 0.35329
63 3.20023 19.8272 0.226337
64 5.82101 5.34104 0.528452
65 1.24785 14.5227 -0.341196
66 11.2681 4.12752 -2.80107
67 2.97524 19.2202 0.412432
68 2.92446 19.8093 -0.101206
69 17.7616 3.08237 -0.347803
70 1.21352 2.9599 0.794703
71 4.25715 1.48707 -0.0891127
72 4.14291 19.2884 -0.0457986
73 5.52034 3.8235 0.154707
74 6.24122 15.7019 0.0316562
75 3.93666 2.11792 0.364864
76 3.57839 0.217023 0.163108
77 3.12422 17.5779 0.0758673
78 2.64814 17.9474 0.00775594
79 2.87698 17.9758 0.305412
80 1.40969 13.7402 -0.205709
81 15.6818 3.03949 -0.104558
82 2.16817 15.3322 0.0614417
83 2.06702 3.39438 0.504328
84 3.52872 19.4688 0.225302
85 4.37634 2.5763 -0.0507649
86 3.80243 1.97599 -0.0158996
87 8.79165 10.5337 -1.55094
88 15.7042 3.56732 -0.187459
89 4.2301 3.03931 0.12492
90 9.83886 11.2849 -1.2103
91 4.10315 2.7335 0.116191
92 5.04883 3.46572 0.155587
93 5.54509 5.9479 0.676019
94 3.4499 0.234808 -0.0650099
95 2.9103 18.253 -0.121344
96 6.55475 15.725 0.170547
97 3.09162 18.8066 -0.133758
98 3.67244 0.62175 0.305983
99 2.77767 16.6658 0.352234
