100
Particles
0 4.06913 16.8894 0.323197
1 3.81886 17.6566 0.202708
2 4.29437 17.433 -0.130315
3 5.39665 2.44905 0.358624
4 3.77605 16.5748 0.186825
5 4.17013 17.9588 -0.224983
6 3.91661 18.0913 0.167573
7 3.34568 2.83716 0.527021
8 3.05052 3.10241 0.444765
9 4.82618 19.9988 -0.046344
10 5.3671 3.02835 0.0222744
11 4.67013 0.312219 -0.15036
12 3.0354 14.9462 0.266112
13 2.64972 14.1429 -0.19896
14 6.00125 6.07768 0.626483
15 6.69804 10.0939 -0.0201865
16 7.38903 15.8067 0.212682
17 5.09415 1.10021 -0.00654304
18 8.34082 9.84383 -0.936759
19 1.91251 14.5911 -0.0986133
20 5.80933 3.00761 -0.000560098
21 3.14366 4.15807 -0.139741
22 5.18166 3.42016 0.389897
23 5.36611 3.65085 -0.190762
24 6.32678 6.77529 0.417719
25 9.98152 10.3183 -1.15178
26 3.9466 4.70649 0.543387
27 3.79192 17.2889 0.305043
28 5.51457 0.986463 -0.143055
29 4.10747 5.34187 0.0601651
30 4.0321 17.8384 0.231595
31 5.77298 3.31968 0.302375
32 4.54193 19.0281 0.492795
33 4.88371 18.8378 -0.037859
34 5.12511 2.20685 0.153124
35 3.87055 16.8347 0.0589614
36 3.74147 15.2632 0.219206
37 5.48306 0.577745 -0.184087
38 5.31318 1.07568 -0.263621
39 3.63559 15.2835 -0.206781
40 2.73966 14.6597 0.308266
41 4.48837 18.0409 0.266997
42 5.17229 2.53641 -0.0223083
43 4.83756 2.7766 0.277467
44 6.42031 5.82904 0.86304
45 4.42423 4.65018 0.530517
46 4.33918 18.9827 0.106671
47 6.31349 7.5684 0.352779
48 3.69454 15.7948 0.087241
49 5.24441 2.35975 0.011947
50 4.36529 17.3192 -0.118104
51 5.29097 2.79084 0.42053
52 5.82409 7.90561 0.971215
53 4.61477 18.3446 -0.0602216
54 8.60426 10.0101 -0.98926
55 4.47995 19.9504 0.28136
56 8.22154 15.4303 -0.228884
57 3.98985 0.759539 0.353207
58 3.79667 17.0287 -0.0850031
59 9.28531 9.69025 -1.35028
60 8.37713 10.2349 -1.36936
61 3.91965 17.545 0.0111911
62 6.83717 6.27646 0.392058
63 4.42831 0.00192921 0.183003
64 6.8065 6.07997 0.417965
65 2.46699 14.7053 0.290519
66 10.1839 3.55757 -2.33531
67 4.17337 19.4475 0.172428
68 4.15468 19.8736 -0.0041625
69 18.612 2.18487 -0.985712
70 2.30975 3.5483 0.58083
71 5.4823 1.52118 0.217687
72 5.36062 19.4875 -0.0620146
73 6.75119 3.96035 -0.0870925
74 7.4767 15.8038 0.138795
75 5.16426 2.27704 0.169449
76 4.81762 0.0843463 0.0176115
77 4.32808 17.7589 0.306162
78 3.87846 17.9979 -0.147175
79 4.11035 17.9943 -0.215249
80 2.59563 13.4101 -0.11064
81 16.918 3.02642 0.236968
82 3.38304 15.3476 0.19621
83 3.23683 3.77698 0.0528262
84 4.72874 19.7473 -0.0247178
85 5.60033 2.68378 0.194931
86 5.04014 2.08394 0.109237
87 9.31504 9.41933 -1.38874
88 16.9337 3.67801 0.128014
89 5.45863 3.20902 0.357603
90 10.1561 10.0853 -1.27905
91 5.29876 3.00936 0.380976
92 6.26543 3.65811 -0.0212521
93 6.54347 6.66891 0.863522
94 4.68277 0.324393 -0.0515566
95 4.11629 18.4118 -0.166961
96 7.77918 15.8357 0.348448
97 4.25618 19.2509 0.427723
98 4.89302 0.814017 0.265843
99 3.98178 16.9565 0.00215355
