100
Particles
0 5.28417 17.1599 0.107489
1 5.05837 17.589 -0.0892677
2 5.53726 17.4013 -0.0762955
3 6.62932 2.58645 -0.064672
4 4.99781 16.5728 -0.0957607
5 5.39501 18.1069 0.0289706
6 5.15446 18.2294 0.0458042
7 4.47029 3.35056 0.333882
8 4.14663 3.67645 0.451491
9 6.0713 19.9163 -0.0404862
10 6.55897 3.33391 0.463627
11 5.88799 0.480179 0.341205
12 4.2251 15.143 0.501513
13 3.8707 14.3125 0.346507
14 6.9844 6.84572 0.657592
15 7.93975 10.0456 0.103186
16 8.56503 16.191 0.448747
17 6.32114 0.91778 -0.196218
18 8.46588 8.64236 -1.80569
19 3.05372 15.0981 0.411521
20 7.02761 3.26219 0.198895
21 4.28877 4.57011 0.349348
22 6.35476 3.81807 0.210464
23 6.53083 3.97266 0.567566
24 7.39336 7.40771 0.385628
25 10.8938 9.49169 -0.537718
26 5.12895 5.05636 0.516907
27 5.00188 17.5819 0.249931
28 6.74107 1.02573 0.269161
29 5.22207 5.88298 0.58943
30 5.26089 17.857 0.356075
31 6.99923 3.41078 -0.00646917
32 5.77967 19.0197 0.0308031
33 6.10546 19.049 0.0654884
34 6.34569 2.40422 0.131508
35 5.10041 16.8405 -0.208654
36 4.96968 15.4312 0.0340705
37 6.71622 0.543969 0.186141
38 6.55139 1.15756 0.0335366
39 4.82131 15.5458 0.496778
40 3.94289 14.9617 0.195207
41 5.72133 18.1582 0.197241
42 6.38284 2.74563 0.00435862
43 6.0531 2.98487 0.226654
44 7.38472 6.58407 0.836763
45 5.55091 5.15097 0.270643
46 5.5757 18.9469 -0.279758
47 7.17018 8.46338 0.893331
48 4.92505 15.9538 0.225082
49 6.48432 2.40057 0.0425007
50 5.60465 17.2731 0.102535
51 6.50343 2.97796 0.29761
52 6.88373 8.56447 0.623643
53 5.83955 18.4283 0.0121989
54 8.83576 8.78798 -1.22231
55 5.65984 0.308205 0.0758547
56 9.40473 15.7546 0.0141943
57 5.17282 1.08823 -0.0351381
58 5.02692 17.1989 0.171316
59 9.42488 8.46646 -1.65382
60 8.51068 9.0103 -1.5946
61 5.16044 17.6524 0.112474
62 7.77855 7.07276 0.898744
63 5.65857 0.0805993 -0.178221
64 7.89977 6.65652 0.301178
65 3.65274 15.0306 0.305086
66 9.31916 2.66525 -2.35766
67 5.3824 19.6285 0.017916
68 5.36705 0.142352 0.289577
69 18.8867 0.97187 -1.49734
70 3.48835 3.88062 0.599415
71 6.693 1.74818 0.253597
72 6.58027 19.304 -0.117312
73 7.90327 4.41141 0.460471
74 8.7217 15.876 0.114161
75 6.39756 2.38099 0.0285434
76 6.05237 19.9101 -0.114715
77 5.55871 17.9347 0.245158
78 5.10156 17.9823 0.151311
79 5.33116 17.9459 0.13596
80 3.79601 13.0732 -0.375533
81 18.159 3.15245 -0.0158572
82 4.57214 15.7116 0.357376
83 4.39183 4.21505 0.165126
84 5.96075 19.632 -0.201628
85 6.81075 2.91286 0.139483
86 6.26855 2.17412 0.0245086
87 9.62502 8.23742 -1.64619
88 18.1818 3.6221 -0.0994645
89 6.66457 3.4661 0.494401
90 11.0481 9.25698 -0.550556
91 6.53775 3.07847 0.119836
92 7.44258 3.97173 0.43992
93 7.57434 7.35037 0.621096
94 5.90664 0.411655 -0.123555
95 5.35063 18.5346 0.135693
96 8.98296 16.1245 0.228228
97 5.49186 19.3848 -0.0433429
98 6.10091 1.07492 0.340682
99 5.20623 17.0644 0.285303
