100
Particles
0 6.51719 17.1178 -0.177272
1 6.28493 17.7422 0.185077
2 6.76289 17.4759 -0.109619
3 7.85506 2.72554 0.309542
4 6.23047 16.6591 0.341184
5 6.61899 18.1217 -0.24844
6 6.37669 18.3274 -0.191669
7 5.47499 4.07795 0.468183
8 5.18472 4.34004 0.235255
9 7.31004 19.9729 -0.0412201
10 7.76754 3.55708 0.0322373
11 7.11902 0.278217 -0.259701
12 5.35629 15.6663 0.499552
13 5.07401 14.5704 -0.0833249
14 7.89095 7.69314 0.548177
15 9.1775 10.0737 0.0243799
16 9.77726 16.4499 0.250848
17 7.56558 0.844184 -0.0627194
18 9.15021 8.14408 0.0488958
19 4.18441 15.5866 0.261205
20 8.27247 3.21784 -0.101465
21 5.37948 5.106 0.767676
22 7.5914 3.97827 0.156129
23 7.77455 3.96652 0.120377
24 8.3688 8.17477 0.576646
25 11.9407 8.81443 -0.537053
26 6.29529 5.43219 0.29145
27 6.23031 17.6763 -0.139337
28 7.96067 1.10656 -0.144265
29 6.30863 6.469 0.707739
30 6.48728 18.0163 -0.00885068
31 8.21848 3.59104 -0.0968925
32 7.0034 18.9224 -0.242057
33 7.33368 19.1447 -0.0533529
34 7.569 2.59115 0.336096
35 6.32262 17.0054 0.28537
36 6.17926 15.6502 -0.0253483
37 7.95582 0.490293 -0.00673958
38 7.79248 1.27859 0.16852
39 6.02024 15.8388 0.153794
40 5.12814 15.2521 0.0268451
41 6.96336 18.1097 0.0835215
42 7.59703 2.97141 0.0599729
43 7.28064 3.12274 -0.0191602
44 8.35339 7.34969 0.496875
45 6.65437 5.70569 0.509971
46 6.82058 18.8728 -0.16939
47 7.92286 9.45442 1.0523
48 6.13485 16.184 0.0598529
49 7.72568 2.38968 0.014008
50 6.83539 17.3044 -0.126746
51 7.71793 3.13375 0.0646811
52 7.60921 9.5624 0.707812
53 7.04534 18.7401 0.212987
54 9.39184 7.98085 -0.173417
55 6.8683 0.204213 -0.34927
56 10.616 15.9597 0.455166
57 6.34748 1.476 0.43364
58 6.26818 17.137 -0.140254
59 9.85124 7.37115 -0.624269
60 9.04071 8.28287 0.068479
61 6.37945 17.9024 0.114141
62 8.85311 7.58482 0.135136
63 6.88541 19.9681 0.227117
64 8.88652 7.33269 0.33521
65 4.75563 15.5774 0.507627
66 8.51917 2.3332 1.63966
67 6.59962 19.5717 0.106829
68 6.60683 0.0440644 0.0831248
69 18.9536 19.7374 -1.69749
70 4.56621 4.47067 0.853684
71 7.87959 2.05472 0.289178
72 7.82114 19.2786 0.0825474
73 9.00192 4.98629 0.399241
74 9.89872 16.2214 0.441552
75 7.62254 2.57326 -0.0468141
76 7.28708 0.0503299 0.197325
77 6.79774 17.8714 -0.2735
78 6.33112 17.8979 0.03362
79 6.56815 17.8406 0.0539269
80 4.76985 12.339 -0.919873
81 19.124 2.40119 -0.847527
82 5.7966 15.8537 -0.0407139
83 5.47802 4.81265 0.548488
84 7.19819 19.5175 -0.0747519
85 8.02981 3.13084 0.0129617
86 7.48203 2.39605 0.166962
87 10.0116 7.05932 -1.23061
88 19.1509 2.88355 -0.708301
89 7.9116 3.51286 0.0992733
90 12.116 8.63538 -0.708723
91 7.73773 3.38753 0.147334
92 8.62074 4.29194 0.268179
93 8.60452 7.97889 0.386973
94 7.12805 0.406688 0.139964
95 6.58053 18.6879 0.168202
96 10.1942 16.3876 0.302769
97 6.72803 19.4954 -0.0211998
98 7.32128 1.31517 0.328268
99 6.43218 17.1156 -0.197514
