100
Particles
0 7.71018 16.7794 -0.465347
1 7.4827 17.4317 -0.0697997
2 7.96365 17.2279 -0.357336
3 9.09252 2.69625 -0.0808272
4 7.45486 16.7171 -0.112125
5 7.8208 17.8089 -0.219532
6 7.57646 18.0149 -0.216749
7 6.45651 4.78324 0.569889
8 6.16846 5.10273 0.494829
9 8.55241 19.8757 -0.147776
10 9.00259 3.45882 -0.195418
11 8.35615 0.241973 0.0891644
12 6.57822 15.6596 0.226897
13 6.31305 14.6836 0.158862
14 9.07122 8.06041 0.195903
15 10.3104 10.4695 0.794271
16 10.9627 16.7908 0.309478
17 8.78982 0.716572 -0.296928
18 10.3647 8.3916 0.366579
19 5.38734 15.914 0.249941
20 9.48714 3.22283 -0.275846
21 6.23465 6.01083 0.901628
22 8.78609 4.2573 -0.143788
23 9.01973 4.0052 -0.0179385
24 9.59176 8.37183 -0.0299297
25 12.8473 7.96612 -0.913379
26 7.43258 5.88326 0.28535
27 7.43808 17.4016 -0.27333
28 9.18765 1.10647 0.312589
29 7.02153 7.48455 0.969865
30 7.6545 17.6651 -0.45118
31 9.43707 3.66006 0.128747
32 8.23214 18.9103 -0.125948
33 8.57985 19.1133 -0.0303677
34 8.80809 2.69382 0.136663
35 7.55374 16.8656 -0.183527
36 7.41769 15.7601 0.205667
37 9.18332 0.445309 -0.280773
38 9.025 1.44246 0.272552
39 7.24402 15.9456 0.196487
40 6.33724 15.4868 0.151618
41 8.13604 17.7178 -0.106403
42 8.82106 2.8497 -0.130216
43 8.51115 3.17775 0.222487
44 9.56031 7.62261 0.163142
45 7.85754 6.03362 0.289983
46 8.04348 18.7123 -0.131137
47 8.2928 10.609 1.54462
48 7.36631 16.2828 -0.0647252
49 8.95477 2.33204 -0.0526587
50 8.05527 17.1478 0.00430017
51 8.94801 3.26063 0.127299
52 7.91616 10.7607 1.39808
53 8.26151 18.6313 0.107745
54 10.6146 8.15259 -0.110531
55 8.09346 0.107842 -0.172414
56 11.814 16.2476 0.102948
57 7.36262 2.1377 0.80153
58 7.47017 16.8255 -0.356229
59 11.0512 7.13317 -0.172329
60 10.2476 8.58763 0.201522
61 7.53996 17.4709 -0.28651
62 10.0483 7.8355 -0.0907076
63 8.11408 0.0291942 -0.270162
64 10.1009 7.36966 -0.111476
65 5.98197 15.72 0.0424741
66 9.73417 2.44427 -0.0710178
67 7.83393 19.4906 -0.187988
68 7.82157 19.8505 -0.309674
69 18.6659 18.5303 -2.00873
70 5.41826 5.37087 0.9498
71 9.1274 2.08788 0.0780894
72 9.03718 19.1836 -0.275624
73 10.1551 5.41879 0.235991
74 11.0316 16.7152 0.539549
75 8.85803 2.56678 -0.121581
76 8.50597 0.0779657 0.142407
77 7.94445 17.3984 -0.505183
78 7.4938 17.5175 -0.458757
79 7.77871 17.5667 -0.222172
80 5.3204 11.2386 -1.38561
81 19.9751 1.49194 -0.744641
82 7.02638 15.9821 0.0219436
83 6.5431 5.43569 0.642022
84 8.42669 19.395 -0.288143
85 9.25091 3.23223 -0.0990041
86 8.72407 2.52819 0.0448121
87 11.1873 6.79177 -0.0277183
88 19.9292 1.94896 -1.20436
89 9.13096 3.5051 0.189041
90 13.1304 7.90753 -0.637242
91 8.96437 3.56476 0.0532433
92 9.82825 4.59528 0.135954
93 9.81081 8.14558 0.347845
94 8.36617 0.339221 -0.120452
95 7.75644 18.3395 -0.572755
96 11.4023 16.6561 0.373917
97 7.96861 19.5064 -0.040079
98 8.55465 1.34623 -0.0586078
99 7.63231 16.8503 -0.417752
