100
Particles
0 8.91967 16.5308 -0.150614
1 8.70733 17.2295 -0.23815
2 9.13312 16.7988 -0.346927
3 10.3179 2.66542 0.119568
4 8.69361 16.5907 0.052503
5 9.04563 17.6602 0.0147374
6 8.76066 17.6822 -0.176954
7 7.35383 5.63238 0.603831
8 7.0389 5.99529 0.672979
9 9.77612 19.7484 -0.182077
10 10.2326 3.30894 0.00189579
11 9.56037 0.0105892 -0.371237
12 7.81332 15.5134 -0.137709
13 7.54479 14.7583 0.0499316
14 10.283 8.25416 0.448654
15 11.0806 11.4376 1.11632
16 12.1845 16.9333 0.168536
17 10.0094 0.517365 0.0382756
18 11.5904 8.55875 0.241306
19 6.55933 16.2852 -0.0453017
20 10.7224 3.13494 0.0306902
21 7.08593 6.83142 1.04731
22 9.98684 4.02214 -0.089606
23 10.2216 3.78972 -0.4306
24 10.8278 8.53904 0.132662
25 13.8839 7.27842 -0.615071
26 8.56404 6.38158 0.410536
27 8.64188 17.1436 -0.43744
28 10.4256 1.02472 -0.143333
29 7.82505 8.43649 0.825915
30 8.81688 17.2107 -0.348846
31 10.6463 3.5847 0.143471
32 9.46421 18.8704 -0.0603011
33 9.78109 19.0184 -0.306191
34 10.0365 2.69213 0.169935
35 8.71355 16.4693 -0.52897
36 8.64089 15.5543 -0.197224
37 10.3998 0.30934 -0.260384
38 10.2608 1.38283 0.114888
39 8.42984 15.5915 -0.254584
40 7.57809 15.6179 0.161907
41 9.33171 17.4004 -0.441832
42 10.0437 2.76424 -0.290579
43 9.72857 2.98619 -0.370193
44 10.7998 7.71242 0.113379
45 9.09551 6.16416 0.0158509
46 9.27434 18.8992 0.0808991
47 8.16809 11.8355 1.82225
48 8.53979 15.8741 -0.24356
49 10.1761 2.19986 -0.151031
50 9.24613 16.7918 -0.162702
51 10.1669 3.18787 0.146665
52 8.06175 11.9906 1.39789
53 9.46621 18.3691 -0.311713
54 11.8062 8.50778 0.17694
55 9.32086 0.0237568 0.0980527
56 13.0528 16.3087 0.125399
57 8.26871 2.97935 0.500553
58 8.7039 16.6653 -0.102048
59 12.2769 7.18961 0.0175476
60 11.4709 8.81757 0.104411
61 8.77721 17.3102 -0.0435598
62 11.2761 8.00907 0.27391
63 9.33294 19.9001 -0.449261
64 11.3194 7.45752 0.287368
65 7.21455 15.6728 -0.178003
66 10.9573 2.31753 -0.268565
67 9.04601 19.2131 -0.285554
68 9.04475 19.671 0.0726282
69 17.8182 17.6834 -2.78276
70 6.20516 6.33056 0.803429
71 10.3542 2.1494 -0.267729
72 10.2641 19.1083 -0.350177
73 11.1472 6.16656 0.619386
74 12.2136 17.0086 0.251374
75 10.0739 2.45442 -0.215303
76 9.75121 0.0402335 0.0128365
77 9.12548 17.0529 -0.00107851
78 8.66869 17.1746 -0.443726
79 8.95557 17.228 -0.322602
80 5.54995 10.0157 -1.53794
81 0.879728 0.645895 -0.630969
82 8.25196 15.8144 -0.0208244
83 7.45643 6.28056 0.632184
84 9.6441 19.3358 -0.263727
85 10.4857 3.37675 0.103129
86 9.94492 2.45208 0.177871
87 12.3954 6.82276 0.390283
88 0.637209 0.939277 -1.14603
89 10.359 3.41639 0.0141529
90 14.1823 7.25009 -0.57475
91 10.1955 3.48604 -0.228084
92 11.0277 4.35339 0.0129681
93 11.0311 8.15615 -0.115934
94 9.58984 0.207928 0.155254
95 8.96512 18.0982 -0.332696
96 12.6334 16.7824 -0.0479252
97 9.20212 19.4158 -0.245833
98 9.78665 1.36395 -0.15
99 8.86517 16.7172 -0.151563
