100
Particles
0 16.2409 19.463 0.129749
1 16.2279 19.5608 -0.192352
2 16.2233 19.8482 -0.0578888
3 16.2035 19.8774 0.122031
4 16.2096 18.8733 0.00622896
5 16.1649 19.4273 -0.284331
6 16.194 19.3168 -0.259348
7 16.2779 0.386173 0.147521
8 16.2109 19.757 -0.34803
9 16.2293 19.7294 0.166626
10 16.2024 19.6771 -0.282971
11 16.2637 0.00501988 -0.0874695
12 16.1884 19.3717 -0.0288333
13 16.2598 19.5836 -0.336237
14 16.1954 0.216764 -0.00161369
15 16.1609 19.1198 -0.221117
16 16.239 0.611072 -0.339981
17 16.2027 19.4343 -0.0768915
18 16.1931 19.2846 -0.173014
19 16.2149 19.5902 -0.131574
20 16.2779 19.7099 -0.214044
21 16.2431 19.3521 -0.289323
22 16.2142 19.4981 -0.0609783
23 16.2263 19.5899 -0.280463
24 16.2104 19.528 -0.316599
25 16.1731 18.5731 -0.358528
26 16.2202 19.3826 0.0446639
27 16.1786 19.4235 -0.0572301
28 16.2245 19.7033 0.208163
29 16.2725 19.8569 0.0697731
30 16.2194 19.7664 0.195615
31 16.2237 19.6519 -0.0246647
32 16.2349 19.6412 -0.36272
33 16.2081 19.7232 -0.280921
34 16.186 19.9025 -0.21908
35 16.1903 19.6844 0.105801
36 16.1938 18.8724 0.231337
37 16.196 19.5137 -0.0838489
38 16.1893 19.932 -0.0389334
39 16.2455 19.3688 0.0386287
40 16.167 18.9082 -0.183149
41 16.2103 18.8591 0.0174861
42 16.2167 19.8932 0.203739
43 16.2618 0.118317 0.235286
44 16.2239 19.9932 -0.210592
45 16.2767 19.6449 -0.204896
46 16.2386 19.3536 0.163943
47 16.2655 0.154802 -0.258734
48 16.2125 19.1186 -0.330156
49 16.2401 19.878 -0.17735
50 16.2304 19.2412 -0.149788
51 16.2222 18.8471 0.0588221
52 16.2454 19.7362 -0.269172
53 16.1536 18.8783 -0.0289299
54 16.1896 18.7622 -0.0389481
55 16.2664 19.8179 -0.0224102
56 16.2389 19.2543 0.00738052
57 16.1948 19.5563 -0.0857537
58 16.249 19.3432 -0.0061004
59 16.213 19.0597 0.0148757
60 16.2129 0.00807294 0.00829725
61 16.1898 19.5155 0.176444
62 16.1934 0.0780058 -0.0551964
63 16.2055 19.8462 -0.0674205
64 16.1583 19.8109 -0.0497617
65 16.1886 19.9218 0.140143
66 16.2596 19.3172 -0.267787
67 16.2028 0.564941 -0.229621
68 16.2288 19.3038 -0.208752
69 16.2542 19.4416 -0.146755
70 16.2414 19.9203 -0.00922377
71 16.2524 0.168245 0.17869
72 16.2627 19.4227 0.142821
73 16.2978 19.9411 -0.22377
74 16.2042 19.6585 0.0710809
75 16.2673 19.8757 -0.033441
76 16.2415 19.5619 -0.106359
77 16.1831 19.1469 -0.369612
78 16.2299 19.6375 0.0670757
79 16.2383 19.3762 0.0158385
80 16.1911 19.7039 -0.223647
81 16.2548 19.4401 -0.164034
82 16.2444 19.4083 0.0321537
83 16.2401 19.7933 -0.172949
84 16.2109 19.0585 0.0312244
85 16.2278 19.2902 -0.0575405
86 16.2086 19.9765 -0.257312
87 16.1849 18.9632 -0.104232
88 16.2395 19.1741 0.0163064
89 16.193 19.094 0.219541
90 16.2006 19.2775 -0.220783
91 16.23 19.6554 0.104429
92 16.2915 19.969 0.182465
93 16.1987 19.9756 0.222664
94 16.1478 19.6306 -0.36844
95 16.2148 19.4635 -0.193162
96 16.2233 19.2464 -0.0570527
97 16.2246 19.8408 0.125931
98 16.2227 19.5296 -0.360355
99 16.2201 19.6677 -0.0582586
