100
Particles
0 10.1102 16.1747 -0.306111
1 9.89847 16.8779 -0.475123
2 10.319 16.4199 -0.19913
3 11.5435 2.70385 -0.329504
4 9.88709 16.296 -0.38063
5 10.2618 17.4616 -0.163651
6 9.92755 17.358 -0.479935
7 8.37876 6.33166 0.496795
8 8.08503 6.63903 0.78045
9 10.9596 19.4523 0.0685493
10 11.4617 3.30373 -0.35864
11 10.7822 19.8509 -0.0613907
12 9.04704 15.5363 0.172237
13 8.78739 14.8193 0.23527
14 11.4903 8.52516 0.111159
15 11.2839 12.6446 1.65533
16 13.3759 17.2708 0.384912
17 11.2149 0.277794 -0.478673
18 12.8243 8.58093 0.0409084
19 7.73271 16.2293 0.507115
20 11.9426 2.92338 -0.146903
21 8.03939 7.62206 0.588956
22 11.2147 3.93568 0.00217056
23 11.4407 3.97864 -0.0803002
24 12.0481 8.72476 -0.0651686
25 14.7977 6.44814 -0.49536
26 9.75299 6.66926 0.294269
27 9.81102 16.7132 -0.435902
28 11.5813 0.592764 -0.180935
29 8.90861 9.04578 0.444503
30 10.0093 16.909 -0.156301
31 11.8756 3.7165 0.16233
32 10.6744 18.6036 -0.332373
33 10.9589 18.6683 0.0355143
34 11.2491 2.52675 0.0238411
35 9.90665 16.1637 -0.415138
36 9.86302 15.3616 -0.112323
37 11.5942 0.0388683 -0.28688
38 11.4637 1.13684 0.0745781
39 9.62184 15.3019 -0.330811
40 8.81844 15.6841 0.00994405
41 10.475 16.927 -0.470071
42 11.2674 2.68329 -0.290742
43 10.9588 2.79768 -0.128872
44 11.9831 8.08306 0.4213
45 10.2752 6.55622 0.463462
46 10.4316 18.4407 -0.522763
47 8.42512 13.0512 1.44925
48 9.75333 15.6379 -0.0811923
49 11.3905 1.97243 -0.265813
50 10.4909 16.6887 -0.11337
51 11.3908 3.17245 0.154941
52 8.45644 13.1192 0.913796
53 10.6557 18.0889 -0.468298
54 13.0349 8.55074 -0.222498
55 10.544 19.8127 -0.132887
56 14.2711 16.2706 -0.235527
57 9.39288 3.51152 0.526837
58 9.87874 16.2675 -0.407038
59 13.4857 7.42094 0.0381712
60 12.6791 8.93484 -0.222379
61 9.97076 17.0126 -0.387402
62 12.5154 8.04712 -0.201543
63 10.5563 19.7909 0.0372845
64 12.5245 7.74978 0.177773
65 8.44854 15.6378 -0.110114
66 12.1915 2.19378 -0.266802
67 10.2302 18.8176 -0.3073
68 10.2639 19.4405 -0.151165
69 16.9504 16.8056 -2.18348
70 7.02075 7.27336 0.84859
71 11.5958 2.08839 -0.172835
72 11.4249 18.6924 -0.430322
73 12.0395 7.02309 0.495906
74 13.4415 17.1024 0.179363
75 11.3165 2.38021 0.0339217
76 10.9838 19.9465 0.133324
77 10.3683 16.9778 -0.0637962
78 9.87842 16.945 0.0616101
79 10.1865 17.0591 -0.0486716
80 5.26734 8.80096 -1.79059
81 1.57815 19.6276 -0.938437
82 9.44517 15.5144 -0.335584
83 8.33878 7.14715 0.531821
84 10.841 19.0616 -0.051826
85 11.7171 3.35252 0.230757
86 11.1687 2.29172 -0.325855
87 13.5958 7.13342 0.474783
88 1.42735 19.9878 -0.817252
89 11.5932 3.26723 0.0456014
90 15.0615 6.37954 -0.724726
91 11.426 3.30382 -0.275206
92 12.2557 4.44396 0.25324
93 12.2569 8.2648 0.394102
94 10.8123 19.971 -0.260977
95 10.1675 17.7934 -0.348945
96 13.8547 16.9823 0.262277
97 10.4332 19.3604 -0.0777744
98 11.0011 1.10414 -0.197424
99 10.052 16.4154 -0.158374
