100
Particles
0 11.3278 15.9358 -0.170614
1 11.062 16.4537 -0.200139
2 11.5196 16.1391 -0.420184
3 12.7758 2.51542 -0.0465322
4 11.0602 15.9355 -0.480873
5 11.4255 17.0684 -0.0964135
6 11.1589 17.1997 -0.0234649
7 9.29766 7.16805 0.892419
8 9.04748 7.39922 0.958633
9 12.1984 19.396 0.154143
10 12.6921 3.25086 -0.18302
11 12.0212 19.8216 0.0519248
12 10.239 15.2321 -0.20405
13 10.0209 14.6929 -0.116448
14 12.7154 8.69477 0.0380559
15 10.8641 13.8116 2.12779
16 14.4657 17.8608 0.596995
17 12.4168 0.089384 0.127025
18 14.0417 8.73972 0.197621
19 8.80406 16.8549 0.37226
20 13.1733 2.88986 0.108103
21 8.71054 8.66676 1.1671
22 12.4231 3.75949 -0.327264
23 12.6717 3.97743 -0.0121376
24 13.2732 8.94024 0.354603
25 15.8112 5.75188 -0.388661
26 10.815 7.2974 0.422314
27 11.016 16.5018 0.0323183
28 12.8045 0.418578 -0.0533283
29 9.96997 9.67095 0.708155
30 11.2021 16.6271 0.00935623
31 13.1019 3.69877 -0.261643
32 11.8532 18.3093 -0.456063
33 12.197 18.5729 0.0209198
34 12.4493 2.21372 -0.0343147
35 11.1007 15.8697 -0.266896
36 11.0552 15.043 -0.411917
37 12.7888 19.7627 -0.390997
38 12.6927 0.950261 -0.00666136
39 10.7965 15.0432 -0.468302
40 10.0454 15.5343 -0.333129
41 11.6426 16.4916 -0.332824
42 12.5096 2.69298 -0.140543
43 12.2016 2.75417 0.00208976
44 13.2123 8.1588 0.199017
45 11.428 7.01885 0.450049
46 11.6185 18.0863 -0.539047
47 9.08732 14.1041 0.835861
48 10.9411 15.3397 -0.34316
49 12.6277 1.93636 -0.159581
50 11.6825 16.3941 0.0267034
51 12.6264 3.21179 0.147738
52 9.08766 14.1855 0.783613
53 11.8276 17.7275 0.0316918
54 14.267 8.68412 0.096734
55 11.7212 19.3936 -0.346446
56 15.0504 16.8155 2.20898
57 10.5731 3.86497 0.0929583
58 11.0904 15.9965 -0.360817
59 14.7057 7.57755 -0.0235035
60 13.8756 9.2806 0.186228
61 11.1554 16.6968 -0.508611
62 13.7502 8.06507 -0.15857
63 11.7343 19.4412 -0.25525
64 13.7423 7.94737 0.2744
65 9.68132 15.5774 -0.221723
66 13.4193 2.09863 0.142425
67 11.4283 18.5928 0.0821377
68 11.493 19.4434 0.0112416
69 16.0174 16.5645 1.86357
70 8.16276 7.76099 0.40759
71 12.783 1.80174 0.119067
72 12.6433 18.4934 -0.246335
73 13.2696 7.08573 0.151553
74 14.4507 17.8026 0.845206
75 12.5362 2.27853 0.0370826
76 12.1904 19.6598 -0.177353
77 11.5814 16.7611 -0.0834643
78 11.065 16.6098 -0.240538
79 11.4007 16.8694 -0.291122
80 5.40475 7.5654 -1.49973
81 2.28427 18.6207 -0.641345
82 10.6566 15.2581 -0.285696
83 9.2291 8.00511 0.483921
84 12.0369 18.7341 -0.167701
85 12.9498 3.43333 -0.0552817
86 12.3784 2.07045 -0.299885
87 14.7941 7.38363 0.00345456
88 2.28629 19.0928 -0.686292
89 12.8301 3.31636 0.0370693
90 16.0744 5.67081 -0.790325
91 12.667 3.38118 0.248005
92 13.4471 4.72763 0.0152595
93 13.4826 8.42441 0.394352
94 12.0537 19.9655 -0.123454
95 11.3259 17.3598 -0.160513
96 14.8894 17.6683 0.756305
97 11.6716 19.2712 -0.00868311
98 12.2074 0.988611 0.260083
99 11.2584 16.1009 -0.326729
