100
Particles
0 12.5345 15.6309 -0.224218
1 12.2656 16.1704 -0.233354
2 12.6957 15.7428 -0.532077
3 13.9983 2.41216 0.195782
4 12.1821 15.4278 -0.511618
5 12.6409 16.9051 0.109238
6 12.366 16.9704 -0.403147
7 10.1163 8.09749 0.674841
8 9.90514 8.29545 0.729955
9 13.4377 19.4439 -0.173824
10 13.9205 3.1481 0.226566
11 13.2366 19.9116 0.34179
12 11.4637 14.9912 -0.156313
13 11.2418 14.569 -0.269485
14 13.9609 8.6931 0.0476785
15 11.6477 14.3295 0.0182086
16 15.317 18.7124 1.11843
17 13.6559 0.179641 0.0754616
18 15.284 8.78778 0.036454
19 9.8038 17.5951 0.748483
20 14.3988 2.86659 0.204297
21 9.44514 9.64775 1.17408
22 13.6495 3.84947 0.0221279
23 13.9082 3.8599 -0.0516702
24 14.4973 9.11279 -0.0411526
25 16.9751 5.34761 -0.546593
26 11.9585 7.77008 0.438741
27 12.2141 16.1847 -0.266459
28 14.0165 0.306574 0.324863
29 11.0651 10.2142 0.153294
30 12.4096 16.3797 -0.498806
31 14.3382 3.65431 0.138073
32 13.0773 18.2122 -0.0325299
33 13.4179 18.4928 0.22712
34 13.6712 2.34259 -0.249433
35 12.2972 15.5652 -0.420923
36 12.296 14.9374 -0.039195
37 14.0151 19.5922 -0.299281
38 13.902 0.964459 -0.350904
39 11.9922 14.7761 0.0782681
40 11.2547 15.265 -0.109402
41 12.8398 16.2331 -0.129128
42 13.749 2.65534 -0.251522
43 13.4319 2.6191 -0.0393986
44 14.442 7.97469 -0.190169
45 12.6421 7.25869 -0.0211027
46 12.8482 17.9785 0.0774109
47 9.9992 14.9303 0.606696
48 12.097 14.9919 0.136757
49 13.8591 1.80849 -0.136852
50 12.8823 16.137 -0.0150004
51 13.8648 3.06629 -0.0480653
52 9.8938 15.1164 0.693591
53 13.0292 17.462 0.0258311
54 15.4753 8.63714 -0.336686
55 12.9638 19.3858 0.110108
56 15.4972 17.9691 0.963126
57 11.7382 4.28832 0.261706
58 12.2606 15.5733 -0.260749
59 15.9391 7.65762 0.272921
60 15.0659 9.48369 -0.302397
61 12.3578 16.4393 -0.059261
62 14.9819 7.96278 -0.166338
63 12.961 19.5622 0.0431384
64 14.9535 7.882 -0.0850438
65 10.8653 15.2857 0.118379
66 14.648 1.95471 -0.180477
67 12.6662 18.5107 -0.287675
68 12.7378 19.5265 0.171214
69 16.0126 17.7214 1.13223
70 9.03702 8.60313 1.14082
71 14.025 1.9003 0.069713
72 13.861 18.4794 -0.131739
73 14.4792 7.06972 -0.250874
74 15.1748 18.8053 1.14409
75 13.7759 2.22776 -0.148005
76 13.4077 19.6426 0.130512
77 12.8143 16.6168 0.0614842
78 12.2596 16.3728 -0.371817
79 12.6057 16.7036 0.0382481
80 6.01973 6.51349 -1.00462
81 3.35699 18.0249 -0.553434
82 11.8531 14.9688 -0.408679
83 9.95501 9.01649 0.828816
84 13.2634 18.9468 0.23569
85 14.1779 3.28854 -0.0462891
86 13.6044 1.90733 -0.177458
87 16.0219 7.50711 0.24301
88 3.3468 18.4551 -0.755654
89 14.0589 3.34723 0.182929
90 17.1382 5.03517 -0.462321
91 13.8975 3.39153 0.234839
92 14.6899 4.69076 -0.0891354
93 14.7164 8.49211 -0.109845
94 13.2722 0.140314 0.345555
95 12.5291 17.1452 0.0794268
96 15.6562 18.6269 0.828738
97 12.9015 19.3559 -0.0885883
98 13.4376 1.01329 -0.143949
99 12.4767 15.9105 -0.0537643
