100
Particles
0 13.7584 15.4345 -0.0975534
1 13.5063 16.0927 -0.12283
2 13.9054 15.574 -0.227007
3 15.2235 2.53538 -0.148437
4 13.4103 15.2881 -0.00732157
5 13.8479 16.7494 -0.452521
6 13.5822 16.7965 -0.220808
7 11.0656 8.89876 0.591271
8 10.8811 9.03818 0.888842
9 14.6552 19.63 0.160338
10 15.1487 3.224 -0.160504
11 14.4181 0.231812 0.369431
12 12.7079 14.9726 -0.19834
13 12.425 14.1998 -0.39713
14 15.1924 8.73689 0.163325
15 12.8757 14.2234 -0.0349546
16 15.8871 19.7886 0.99775
17 14.8508 0.508754 0.357427
18 16.5243 8.80024 -0.0824574
19 10.9927 17.7665 -0.263834
20 15.6412 2.92349 0.183154
21 10.5492 10.1745 0.561126
22 14.8904 3.97348 0.0740191
23 15.1481 3.97868 0.0712889
24 15.7339 9.11477 -0.0605682
25 17.6461 4.32685 -1.21895
26 13.1458 8.14084 0.392235
27 13.4488 16.0363 -0.274306
28 15.2071 0.625173 0.287118
29 12.2897 10.4319 0.287537
30 13.6243 16.2027 -0.13389
31 15.5674 3.81388 0.0184725
32 14.3056 18.0977 -0.326821
33 14.6661 18.4289 -0.034258
34 14.9004 2.42865 -0.0155967
35 13.5028 15.3515 -0.0200132
36 13.5199 14.7583 -0.335784
37 15.2066 19.9469 0.210018
38 15.1312 1.11417 0.211578
39 13.2079 14.573 -0.339037
40 12.426 14.8845 -0.459553
41 14.0383 15.9268 -0.407602
42 14.9572 2.95325 0.107534
43 14.6593 2.79357 0.284708
44 15.6439 7.71909 -0.079076
45 13.8864 7.35408 0.0141545
46 14.0585 17.7387 -0.328627
47 11.1808 15.312 0.436989
48 13.2642 14.5829 -0.208977
49 15.0972 1.8454 0.224638
50 14.0972 15.9001 0.0260126
51 15.0858 3.29784 0.234128
52 11.0801 15.4205 -0.0869996
53 14.2339 17.2348 -0.415904
54 16.7065 8.52393 0.0616701
55 14.1621 19.6931 0.0936258
56 16.1346 19.0229 0.9884
57 12.9096 4.66504 0.591076
58 13.491 15.4258 -0.0339573
59 17.1672 7.67446 0.160064
60 16.3027 9.58489 0.24919
61 13.5565 16.154 -0.313615
62 16.1593 7.61159 -0.337092
63 14.1223 19.9643 0.547328
64 16.1181 7.53301 -0.602082
65 12.1045 15.2642 -0.14063
66 15.8846 2.01342 0.198752
67 13.9012 18.4979 -0.108775
68 13.9403 19.7312 0.110095
69 16.4734 18.8755 1.28282
70 9.41146 9.78667 1.21744
71 15.2659 1.84075 0.132708
72 15.0887 18.4572 0.0689161
73 15.6297 6.67982 -0.613836
74 16.0198 19.6958 0.51181
75 15.0055 2.28608 0.119693
76 14.6362 19.7174 0.134645
77 14.0265 16.3684 -0.0896405
78 13.479 16.2708 0.0970331
79 13.8224 16.5641 -0.00518406
80 6.32101 5.32772 -1.35061
81 4.20684 17.1169 -0.763872
82 13.0449 14.6328 -0.419053
83 10.9818 9.69931 0.785734
84 14.4544 19.2523 0.379702
85 15.3597 3.6059 -0.146013
86 14.8255 1.76576 -0.23415
87 17.2397 7.78507 0.205633
88 4.12095 17.5209 -1.20708
89 15.3053 3.38343 0.110784
90 17.6947 3.99196 -1.54009
91 15.1064 3.49158 0.326622
92 15.9049 4.52476 -0.0151644
93 15.9634 8.48146 0.00308543
94 14.4635 0.456651 0.52221
95 13.7385 16.8835 -0.139778
96 16.4155 19.5998 0.651588
97 14.0628 19.7129 0.609255
98 14.6388 1.09487 -0.153778
99 13.7135 15.8175 0.104134
