100
Particles
0 14.9815 15.3463 -0.173571
1 14.7246 16.0439 -0.425069
2 15.1186 15.394 -0.145038
3 16.408 2.84124 0.468461
4 14.6063 14.9727 0.00735712
5 15.0666 16.559 -0.377288
6 14.8006 16.6366 0.110402
7 11.8996 9.82372 0.776054
8 11.726 9.92187 0.613496
9 15.8196 0.037072 0.411212
10 16.3889 3.31131 0.0104872
11 15.6358 0.455642 0.0717335
12 13.8856 14.6056 -0.18264
13 13.624 13.8847 -0.191834
14 16.425 8.75809 0.264327
15 14.0743 13.9828 -0.292559
16 16.9506 0.43225 0.378483
17 16.0659 0.757543 0.355178
18 17.7564 8.76067 -0.281499
19 12.145 17.3388 -0.366684
20 16.8644 2.99576 -0.068481
21 11.2604 11.1764 1.17746
22 16.1006 4.16102 0.276812
23 16.3783 4.17724 0.0341919
24 16.9682 9.16395 -0.088505
25 17.8508 3.09603 -1.47368
26 14.2006 8.79968 0.737245
27 14.6891 15.9747 -0.196335
28 16.3283 1.12785 0.372267
29 13.5154 10.5697 -0.155409
30 14.8541 16.064 -0.242419
31 16.7917 3.98147 0.271389
32 15.5015 17.7971 -0.0313634
33 15.9058 18.4505 0.09567
34 16.104 2.6974 0.116048
35 14.7431 15.3211 -0.0838047
36 14.6644 14.3016 -0.571259
37 16.3581 0.399862 0.313767
38 16.3553 1.34331 0.0770612
39 14.3789 14.197 -0.313369
40 13.5321 14.3085 -0.557558
41 15.2488 15.7181 0.0381927
42 16.179 3.10999 0.335407
43 15.8562 3.07252 0.41429
44 16.863 7.47979 -0.297947
45 15.0459 7.79299 0.25969
46 15.2888 17.7487 0.148073
47 12.4075 15.1033 -0.289699
48 14.419 14.1731 -0.0919537
49 16.302 2.16863 0.343166
50 15.3139 15.7043 0.0442276
51 16.3279 3.33304 0.00694604
52 12.3119 15.2785 -0.350469
53 15.469 17.179 0.20152
54 17.9347 8.55248 -0.17514
55 15.3558 19.9947 0.280163
56 17.1398 19.6913 0.283403
57 13.8112 5.5035 0.809355
58 14.6728 15.036 -0.475979
59 18.38 7.46348 0.0581103
60 17.5288 9.66907 -0.0103711
61 14.7756 16.0478 0.141634
62 17.3513 7.2527 -0.282743
63 15.3029 0.327575 0.456419
64 17.29 7.1745 -0.529222
65 13.2942 14.9425 -0.212927
66 17.1063 2.15685 0.0668535
67 15.1329 18.5644 0.245747
68 15.1423 0.0229003 0.222465
69 17.4692 19.6146 0.523758
70 9.59704 11.0072 1.53566
71 16.4771 2.13639 0.11974
72 16.2814 18.7874 0.306137
73 16.6358 5.95884 -0.574824
74 16.9867 0.453725 0.395575
75 16.1666 2.70502 0.463382
76 15.8342 0.0418317 0.186338
77 15.2295 16.0446 -0.351193
78 14.7042 16.1274 -0.0784561
79 15.0654 16.5074 0.0407433
80 6.11365 4.09681 -1.72375
81 4.62442 15.9706 -1.52443
82 14.2124 14.2021 -0.491755
83 11.7622 10.656 0.625138
84 15.6766 19.4186 0.120109
85 16.5971 3.67821 0.00805369
86 16.0299 2.04079 0.132859
87 18.4723 7.76719 -0.105965
88 4.63861 16.3982 -1.16734
89 16.5113 3.54625 0.404711
90 17.9829 2.79748 -1.05951
91 16.3168 3.69651 0.0974811
92 17.1289 4.35703 0.0674672
93 17.1989 8.46298 -0.198111
94 15.6333 0.791674 0.551127
95 14.9472 16.7281 -0.128433
96 17.3375 0.408692 0.718788
97 15.2474 0.0993893 0.18877
98 15.7914 1.52876 0.32235
99 14.9309 15.5672 -0.122813
