100
Particles
0 16.209 15.2852 0.153
1 15.9489 16.1544 0.316258
2 16.3288 15.1346 -0.386365
3 17.6376 2.94366 -0.143576
4 15.8039 14.7188 0.0464444
5 16.2936 16.7095 0.289333
6 16.0343 16.7844 0.0490285
7 12.726 10.6967 1.14213
8 12.4806 10.9061 1.10254
9 17.0414 0.253342 0.209128
10 17.6107 3.43799 -0.09073
11 16.8233 0.795027 0.341826
12 15.0876 14.2914 -0.26921
13 14.8615 13.7417 -0.0591725
14 17.656 8.89114 0.340872
15 15.2371 13.5624 -0.214485
16 18.1589 0.704851 0.147429
17 17.2533 1.12683 0.273373
18 18.9754 8.99104 0.08002
19 13.3421 17.009 -0.416211
20 18.0906 3.06568 0.228968
21 11.8417 12.2686 1.26582
22 17.3286 4.16146 0.00104379
23 17.6021 4.28869 0.085067
24 18.1888 9.30207 0.236868
25 18.9651 2.55308 -0.410826
26 15.0258 9.72626 0.72358
27 15.9158 15.9854 0.269027
28 17.545 1.33271 0.218002
29 14.7474 10.6252 0.294683
30 16.0858 16.1199 -0.158557
31 18.0115 4.141 0.140884
32 16.7257 17.9508 -0.0502227
33 17.1218 18.6852 0.0560374
34 17.3305 2.74309 0.151541
35 15.9545 15.1485 -0.3953
36 15.8255 13.8999 -0.295136
37 17.5419 0.721152 0.562697
38 17.5665 1.5965 0.184254
39 15.5214 13.7835 -0.0583325
40 14.6885 13.8685 -0.483796
41 16.4773 15.5842 -0.0668307
42 17.4061 3.19692 0.259091
43 17.0612 3.20298 -0.0224312
44 18.0512 7.15579 -0.235824
45 16.2825 7.66001 -0.171467
46 16.4989 17.9852 0.4455
47 13.6333 14.9092 -0.0663621
48 15.5316 13.6332 -0.599297
49 17.5424 2.19833 0.0847947
50 16.5442 15.6001 -0.161065
51 17.5603 3.34945 -0.0327835
52 13.5135 15.015 -0.0167979
53 16.7049 17.1735 -0.155444
54 19.1467 8.69943 0.0843657
55 16.5253 0.380855 0.357362
56 18.3308 0.0431796 0.257541
57 14.8692 6.15793 0.429487
58 15.8619 14.6585 -0.277832
59 19.6179 7.49114 0.252236
60 18.7451 9.93735 0.116387
61 15.9863 15.8138 -0.265968
62 18.5786 7.07926 -0.0501763
63 16.4507 0.735006 0.148952
64 18.5016 6.92524 -0.332732
65 14.4616 14.627 0.146201
66 18.2967 1.99442 -0.239688
67 16.3582 18.71 0.332925
68 16.3261 0.35092 0.00754749
69 18.58 0.175578 0.545461
70 9.98889 12.1751 1.03201
71 17.7056 2.26907 0.37569
72 17.529 18.8268 0.0933291
73 17.573 5.13635 -0.820345
74 18.1899 0.741301 0.0611573
75 17.3981 2.72851 -0.0978563
76 17.0492 0.275505 0.228176
77 16.4399 15.9282 0.154314
78 15.9378 16.2736 0.0924168
79 16.2862 16.4931 -0.189293
80 5.49191 3.0183 -2.18616
81 5.08228 14.8309 -0.922967
82 15.3329 13.7435 -0.0618749
83 12.5117 11.6466 1.04584
84 16.86 19.8096 0.398647
85 17.8091 3.78697 -0.183056
86 17.2508 2.24456 0.0317802
87 19.6934 7.76068 0.253098
88 4.90855 15.1817 -1.3308
89 17.713 3.80775 0.216845
90 18.9452 2.22335 -0.221637
91 17.5328 3.62005 -0.102513
92 18.329 4.64323 0.317294
93 18.4081 8.50691 0.543498
94 16.7971 1.23742 0.439512
95 16.1735 16.7717 0.142401
96 18.5098 0.808193 0.44481
97 16.4689 0.293867 0.249933
98 16.939 1.99396 0.509655
99 16.1578 15.4948 -0.0200881
