100
Particles
0 17.3923 14.9309 0.00673791
1 17.1861 16.2828 0.167942
2 17.5403 14.9195 -0.41306
3 18.8777 2.83464 -0.152345
4 16.9807 14.3868 -0.500115
5 17.5306 16.6669 -0.120001
6 17.2724 16.7399 -0.203491
7 13.1549 11.8622 1.22865
8 12.7138 12.1305 1.52741
9 18.2463 0.492117 0.041295
10 18.8351 3.342 -0.270478
11 17.994 1.18293 0.0105102
12 16.2928 14.05 -0.176148
13 16.0938 13.67 0.0548403
14 18.8321 9.24247 0.134715
15 16.4394 13.2383 -0.250153
16 19.335 1.06445 -0.029946
17 18.4421 1.43583 0.480225
18 0.1488 9.34524 0.507517
19 14.4704 16.4876 -0.545888
20 19.308 2.90261 -0.270938
21 12.1846 13.4558 1.49356
22 18.5572 4.05254 0.188787
23 18.8364 4.36335 0.0141686
24 19.3798 9.61844 0.559781
25 0.101306 2.07393 -0.252074
26 15.8104 10.6839 1.00967
27 17.1437 15.8001 0.0373007
28 18.7624 1.57955 0.244022
29 15.5226 11.5814 1.09711
30 17.3179 15.9796 -0.219074
31 19.2488 4.09571 -0.172168
32 17.9485 17.9815 -0.173162
33 18.3014 19.0006 0.188592
34 18.5537 2.86234 0.160964
35 17.1789 15.054 -0.0946598
36 17.0504 13.6921 -0.10947
37 18.7409 0.978744 0.372843
38 18.7717 1.87592 0.371292
39 16.7374 13.5284 -0.0885361
40 15.8558 13.5232 0.0514568
41 17.6431 15.2339 -0.532828
42 18.6338 2.97876 -0.292496
43 18.2977 3.10855 -0.205784
44 19.2396 6.84226 -0.122875
45 17.4776 7.3313 -0.446246
46 17.7264 17.9354 -0.384372
47 14.7749 14.4376 -0.562602
48 16.7447 13.456 -0.0337366
49 18.7684 2.3875 0.240483
50 17.7574 15.3955 -0.0516335
51 18.796 3.30372 -0.109612
52 14.6365 14.5553 -0.102284
53 17.9173 17.376 -0.0886257
54 0.286885 9.1897 0.495287
55 17.7141 0.72718 0.395696
56 19.5055 0.395428 -0.0996953
57 16.0375 6.56198 0.134078
58 17.0677 14.4261 0.032609
59 0.752697 7.93342 0.562209
60 19.9475 10.2327 0.282136
61 17.1918 15.5166 -0.136017
62 19.8177 6.91864 -0.129761
63 17.6309 1.0278 -0.0466977
64 19.6977 6.5859 -0.328658
65 15.6312 14.2451 -0.454518
66 19.496 1.84699 -0.286185
67 17.5367 19.1089 0.191761
68 17.5536 0.557715 0.264491
69 19.6858 0.681326 -0.0310438
70 10.7613 13.1544 0.981616
71 18.9363 2.15418 -0.0885595
72 18.7375 19.1103 0.249505
73 18.8024 4.9887 0.111532
74 19.3311 1.19182 0.308761
75 18.607 2.63155 -0.381624
76 18.2132 0.713303 0.498767
77 17.6732 15.8002 -0.00318815
78 17.1545 16.0719 -0.0778659
79 17.5171 16.4607 0.0698536
80 4.77612 2.02366 -2.09075
81 5.35736 13.6287 -1.61383
82 16.5497 13.652 0.202567
83 12.9791 12.7983 0.996198
84 18.0657 0.0533644 0.111803
85 19.0266 3.63576 -0.353187
86 18.4792 2.40571 0.246278
87 0.820016 8.2765 0.217677
88 5.16982 13.9635 -1.42158
89 18.9461 3.94142 0.15781
90 0.0431722 1.66104 -0.165894
91 18.7609 3.60562 -0.141164
92 19.5734 4.56219 -0.172615
93 19.6167 8.74109 0.0312629
94 18.0027 1.51517 0.000844426
95 17.3896 16.858 -0.104048
96 19.6778 1.05544 -0.110972
97 17.6612 0.631858 0.307015
98 18.1818 2.00125 -0.0862109
99 17.3988 15.4113 -0.0279377
