100
Particles
0 18.6126 14.751 -0.357271
1 18.4073 16.3055 0.173255
2 18.7695 14.7769 -0.229762
3 0.0894439 2.727 -0.314261
4 18.2133 14.3265 -0.256987
5 18.7691 16.614 -0.0644349
6 18.48 16.6811 0.312489
7 13.7675 12.9097 0.699328
8 13.2352 13.2501 1.19025
9 19.4484 0.788193 0.237201
10 0.0532924 3.20843 -0.359474
11 19.2199 1.40638 0.0461381
12 17.506 13.9817 0.177326
13 17.3212 13.5453 -0.124407
14 0.0207446 9.61197 0.280057
15 17.6766 13.2059 0.200022
16 0.578052 1.11692 -0.101446
17 19.6663 1.64322 0.0482669
18 1.29111 9.78252 0.49263
19 15.5922 15.9402 -0.387983
20 0.546766 2.80808 0.129573
21 11.7891 14.6097 1.88058
22 19.7946 4.16199 0.144498
23 0.0603595 4.43671 0.184435
24 0.599215 9.75717 0.479868
25 1.288 1.75439 0.0751699
26 16.5386 11.6791 0.752042
27 18.3573 15.6497 0.0184482
28 19.9816 1.79204 0.198073
29 16.2948 12.5466 0.756502
30 18.5523 16.083 -0.0477114
31 0.466454 3.99833 -0.094914
32 19.1889 17.9946 0.188945
33 19.445 19.4491 0.378658
34 19.781 2.90949 0.106184
35 18.4049 15.0325 -0.217
36 18.2664 13.6083 0.104916
37 19.9439 1.2662 -0.00442013
38 19.9869 1.95623 -0.205204
39 17.9497 13.3956 0.181782
40 17.0571 13.2367 -0.387601
41 18.8871 15.1487 -0.0402443
42 19.8515 2.96724 -0.100669
43 19.5411 3.08544 0.114205
44 0.436648 6.55716 -0.173504
45 18.553 6.71208 -0.457714
46 18.9405 17.736 0.0848072
47 15.9096 14.0215 -0.116564
48 17.9523 13.2131 -0.380544
49 0.002212 2.4086 -0.0504159
50 18.98 15.3042 0.283377
51 0.00592304 3.01857 -0.296415
52 15.7551 14.025 -0.224195
53 19.1491 17.5273 0.2677
54 1.45791 9.56202 0.467043
55 18.9071 1.04669 0.418619
56 0.719094 0.634595 0.375278
57 17.2743 6.70116 0.283161
58 18.306 14.5305 0.238552
59 1.87189 8.41595 0.795616
60 1.15436 10.4749 -0.0895037
61 18.3995 15.4418 -0.297029
62 1.0455 6.81468 0.055875
63 18.8505 1.2793 0.217614
64 0.889606 6.33803 -0.312413
65 16.8575 14.1148 -0.0185262
66 0.737013 1.71225 -0.0919933
67 18.5978 19.7584 0.714712
68 18.7671 0.791764 0.484355
69 0.8929 0.915279 0.156524
70 10.8163 14.2987 1.93901
71 0.168247 2.21041 -0.120296
72 19.9202 19.4913 0.470583
73 0.0246732 5.03895 -0.287948
74 0.545215 1.43345 -0.0150252
75 19.8177 2.62388 -0.337735
76 19.4477 0.781935 -0.0660219
77 18.9123 15.7578 0.0252312
78 18.3946 16.1684 0.0990374
79 18.7454 16.3355 -0.0439832
80 4.00014 1.0534 -2.40666
81 5.2829 12.3969 -1.53505
82 17.7769 13.5704 -0.0310671
83 13.5241 13.8977 0.771344
84 19.2275 0.48104 0.115635
85 0.253914 3.51869 -0.31044
86 19.7202 2.3126 -0.0923473
87 1.91187 8.81903 0.599395
88 4.99499 12.7451 -1.92431
89 0.172776 3.83757 -0.389637
90 1.25896 1.54769 -0.173635
91 19.9889 3.49126 0.00274831
92 0.812134 4.45344 -0.232198
93 0.830072 8.9802 0.318692
94 19.2177 1.73728 -0.000614903
95 18.6305 16.7406 -0.0076538
96 0.906129 1.16838 0.0439402
97 18.8731 0.843041 0.225779
98 19.416 1.99823 0.164101
99 18.6338 15.3237 -0.0687511
