100
Particles
0 19.8264 14.4731 -0.241037
1 19.6457 16.2388 -0.152874
2 0.00227998 14.7895 -0.204667
3 1.32474 2.66979 -0.102587
4 19.439 14.2508 -0.276909
5 0.00687365 16.5005 -0.0631373
6 19.6956 16.8816 0.163233
7 14.216 14.0691 1.27845
8 13.8486 14.2893 0.849325
9 0.644027 1.09603 0.350598
10 1.28931 3.21137 0.164732
11 0.450298 1.45686 -0.0454278
12 18.7429 13.8923 -0.2561
13 18.5383 13.6774 0.0532264
14 1.24 9.87604 0.29367
15 18.9116 13.1772 -0.114768
16 1.80418 1.30861 0.0858388
17 0.883858 1.85832 0.307275
18 2.37153 10.3739 0.71149
19 16.4567 15.054 -0.947474
20 1.75816 2.58893 0.01916
21 11.7522 15.8351 1.37405
22 1.00353 3.90273 -0.291587
23 1.2992 4.46733 -0.00162424
24 1.72461 10.2659 0.40015
25 2.51444 1.96911 0.0178517
26 17.6274 12.2402 0.157014
27 19.5759 15.5454 -0.10295
28 1.21106 1.81316 0.25027
29 17.4448 13.0267 0.360026
30 19.7825 16.0439 -0.372139
31 1.71138 3.94636 0.00332567
32 0.431923 17.9775 0.0770449
33 0.54901 19.9688 0.344559
34 0.987604 2.88936 0.152641
35 19.6259 14.8037 -0.205841
36 19.4951 13.7632 -0.0785469
37 1.17672 1.27848 -0.148757
38 1.21 1.99526 -0.227879
39 19.1682 13.4258 0.308359
40 18.2866 13.2794 0.1039
41 0.0956439 14.9832 -0.358516
42 1.08432 2.97995 -0.0879516
43 0.766917 3.0914 -0.0616305
44 1.6139 6.17875 -0.222491
45 19.5125 5.94002 -0.70081
46 0.172449 17.7921 0.067592
47 17.1135 14.2257 0.446893
48 19.1735 13.2465 0.415713
49 1.22642 2.32349 -0.220006
50 0.198676 15.2074 0.0223253
51 1.24032 2.97335 -0.213907
52 16.9942 14.0058 0.121315
53 0.352615 17.643 -0.282406
54 2.58035 10.0984 0.518127
55 0.125742 1.19201 0.414396
56 1.94487 0.724795 0.040312
57 18.4298 6.31053 -0.627916
58 19.5225 14.4609 -0.251558
59 2.90912 9.0896 0.814872
60 2.2349 11.0958 0.45716
61 19.605 15.2227 -0.463687
62 2.20369 6.365 -0.335986
63 0.0718622 1.38352 -0.136194
64 2.05768 5.9397 -0.342378
65 18.0975 14.2417 0.011428
66 1.9594 1.7947 -0.188565
67 19.7232 0.256796 0.199172
68 19.9609 1.03977 0.034369
69 2.11621 1.0292 -0.177101
70 10.5473 15.5061 1.73099
71 1.37299 2.0055 -0.225825
72 1.01381 0.0553025 0.194633
73 1.23787 5.2189 -0.0830001
74 1.75145 1.63605 0.154
75 1.0495 2.56269 0.116319
76 0.618749 1.1799 0.0487839
77 0.122559 15.5755 -0.153891
78 19.5961 16.0319 -0.322002
79 19.9831 16.2435 0.0235413
80 2.96843 0.397074 -2.91825
81 5.31666 11.1638 -1.29223
82 18.9992 13.7982 0.253551
83 14.0249 15.0253 1.0359
84 0.446476 0.715464 0.33307
85 1.48632 3.63263 -0.181265
86 0.948336 2.14558 -0.0298363
87 3.07 9.24901 0.27575
88 4.80516 11.5144 -1.75374
89 1.40625 3.96261 -0.0520025
90 2.44965 1.78084 0.170674
91 1.21892 3.44583 0.269416
92 2.05445 4.50115 0.0706156
93 2.03501 9.30194 0.14764
94 0.459779 1.81011 0.1677
95 19.8482 16.5598 -0.329409
96 2.13055 1.29228 0.13216
97 0.0716872 1.15177 0.335811
98 0.644898 2.02443 0.19879
99 19.8605 15.3491 0.055057
