100
Particles
0 1.04266 14.2439 -0.373767
1 0.848661 15.9446 -0.255178
2 1.2251 14.6351 0.141259
3 2.5627 2.62491 0.0248742
4 0.663144 14.0278 -0.21619
5 1.23914 16.3407 -0.00805023
6 0.88755 16.526 -0.408624
7 14.7121 15.197 1.3064
8 14.2522 15.4679 1.22471
9 1.86121 1.05921 -0.227228
10 2.52763 3.22297 0.13955
11 1.69019 1.31804 -0.0860978
12 19.9537 13.7397 -0.356733
13 19.7753 13.7107 -0.0275391
14 2.47263 9.9952 0.213987
15 0.140513 13.2771 0.144739
16 3.01772 1.48657 0.303112
17 2.0927 2.12092 0.267245
18 3.55898 10.7131 0.368946
19 17.6285 14.8388 -0.101331
20 2.99019 2.61617 0.282992
21 12.0171 17.0479 1.47999
22 2.24223 4.04686 0.11357
23 2.52201 4.67487 0.360647
24 2.87861 10.7239 0.288647
25 3.75099 2.05953 0.233778
26 18.8061 12.5912 -0.0526231
27 0.806834 15.3936 0.0738911
28 2.45057 1.86449 0.0722879
29 18.6885 13.0984 0.0130303
30 1.00288 15.8275 -0.331646
31 2.93406 3.93106 0.239582
32 1.66704 17.9818 0.122335
33 1.76989 0.209598 0.0645714
34 2.22802 2.79881 -0.155938
35 0.833365 14.5997 -0.402574
36 0.695134 13.6444 0.181568
37 2.39255 1.48998 -0.0191238
38 2.42926 2.07715 0.0652958
39 0.383401 13.2208 -0.367995
40 19.5269 13.2857 -0.0916632
41 1.34263 15.0066 0.148251
42 2.33097 2.94543 0.00978392
43 1.96224 2.8748 -0.303925
44 2.81353 6.11972 0.193056
45 0.0865763 4.84006 -0.992703
46 1.41221 17.7539 -0.0693441
47 18.3408 14.2565 -0.0539036
48 0.412236 13.2253 -0.172032
49 2.46684 2.30723 -0.0951176
50 1.41797 15.1163 -0.117196
51 2.47395 2.83099 0.0725729
52 18.2346 13.9668 0.0225629
53 1.59511 17.715 -0.104487
54 3.76432 10.4623 0.492556
55 1.36943 1.15043 0.0094974
56 3.14269 0.961887 0.417837
57 19.1154 5.32336 -1.37128
58 0.722059 14.2259 -0.443751
59 4.06988 9.52967 0.307524
60 3.37508 11.5947 0.257299
61 0.827666 15.1702 0.169627
62 3.43479 6.22167 -0.00648113
63 1.29335 1.45371 -0.242901
64 3.27039 5.74521 -0.024585
65 19.3238 14.3897 0.0862423
66 3.20373 1.85806 0.00819026
67 0.940559 0.428108 -0.0681927
68 1.19469 1.04011 0.00808724
69 3.3223 1.27368 0.365805
70 10.1236 16.6793 1.95365
71 2.58879 2.19405 -0.155816
72 2.23488 0.229369 0.055409
73 2.47459 5.30074 0.243571
74 2.97798 1.83015 0.266018
75 2.26309 2.51313 0.156052
76 1.8666 1.2021 0.0145246
77 1.33812 15.3735 -0.162607
78 0.820087 15.9046 0.136057
79 1.18645 16.106 -0.0221441
80 3.66213 0.427624 0.465431
81 5.34756 9.93411 -1.76132
82 0.232579 13.6841 -0.279844
83 14.5278 16.1418 1.18504
84 1.67008 0.889551 -0.0497304
85 2.71048 3.51105 0.190984
86 2.15659 2.30087 0.0955999
87 4.22478 9.71083 0.366789
88 4.75954 10.2783 -1.57329
89 2.62982 3.80804 0.162696
90 3.66033 2.02139 0.300921
91 2.45417 3.48806 -0.0287278
92 3.27163 4.68097 -0.0666418
93 3.26172 9.50283 0.155673
94 1.69018 1.84871 0.0829033
95 1.02697 16.1913 -0.30065
96 3.35143 1.51276 0.27893
97 1.30079 1.24584 -0.0585052
98 1.86937 2.04324 -0.176023
99 1.08883 15.168 -0.213915
