100
Particles
0 17.4759 19.5267 0.134285
1 17.4733 19.5172 -0.0482207
2 17.4444 19.7497 -0.290422
3 17.4378 0.0241118 0.290165
4 17.4421 19.0547 0.0856567
5 17.3865 19.5094 0.321008
6 17.4188 19.4915 0.306673
7 17.5117 0.384327 -0.257424
8 17.4456 19.705 0.153191
9 17.4525 19.6691 -0.130901
10 17.4378 19.7152 0.0684952
11 17.4915 0.070727 0.313187
12 17.4319 19.2584 -0.0194572
13 17.4864 19.3985 0.027788
14 17.4177 0.20544 0.152029
15 17.3965 19.1899 -0.123855
16 17.4493 0.412098 0.175539
17 17.423 19.5081 0.246863
18 17.4119 19.1636 -0.155805
19 17.452 19.5033 0.0830556
20 17.5071 19.6666 0.184909
21 17.4582 19.2301 0.218355
22 17.4475 19.4085 -0.0990153
23 17.4641 19.7155 -0.0453702
24 17.4531 19.5711 -0.121988
25 17.4106 18.6545 0.152853
26 17.4608 19.3599 -0.144123
27 17.402 19.5582 -0.243133
28 17.4397 19.8571 0.32645
29 17.4994 0.057485 0.260112
30 17.4437 19.759 0.0399991
31 17.4688 19.6188 0.138184
32 17.4697 19.6361 -0.155859
33 17.4452 19.805 -0.120676
34 17.4044 19.8738 -0.287667
35 17.4081 19.5283 -0.293743
36 17.426 18.7971 -0.109929
37 17.4075 19.2433 -0.260133
38 17.4254 19.951 0.228333
39 17.4729 19.3744 0.204324
40 17.4102 18.8323 -0.109043
41 17.4436 18.8491 -0.277602
42 17.4603 19.8724 -0.101782
43 17.5037 0.156599 0.0768559
44 17.4504 19.926 0.23023
45 17.5026 19.5531 -0.275884
46 17.4693 19.2059 -0.135668
47 17.494 0.372317 0.244947
48 17.4408 19.0154 -0.0557618
49 17.4609 19.8458 -0.0113536
50 17.4511 19.1185 0.0870522
51 17.4401 18.8736 0.29536
52 17.4648 19.9911 0.264205
53 17.3798 18.9521 0.263588
54 17.4188 18.6936 0.160807
55 17.4815 19.5794 -0.19975
56 17.4561 19.0682 -0.0503391
57 17.4247 19.5906 -0.01615
58 17.4794 19.4075 0.320441
59 17.4489 18.9768 0.0811123
60 17.4515 19.9298 0.109142
61 17.4139 19.2765 -0.101861
62 17.431 0.101438 -0.129855
63 17.4371 19.8718 0.0391139
64 17.3909 19.9554 0.0763047
65 17.4014 19.7107 0.123024
66 17.495 19.2631 -0.22459
67 17.4272 0.364584 -0.180861
68 17.4604 19.3257 0.23704
69 17.4742 19.3402 0.267691
70 17.4813 0.0388008 0.185796
71 17.4763 0.114788 0.181344
72 17.4958 19.505 -0.192667
73 17.5142 19.8744 0.289565
74 17.4244 19.6903 -0.171087
75 17.5107 19.8006 -0.0860667
76 17.4881 19.6402 0.0697703
77 17.4232 19.1419 -0.00511914
78 17.4371 19.5583 -0.254915
79 17.4798 19.4429 0.0267388
80 17.4207 19.7126 0.0178132
81 17.4924 19.5453 0.290363
82 17.4595 19.228 -0.181848
83 17.4622 19.8678 0.266686
84 17.4374 19.0352 0.116843
85 17.4617 19.3571 0.0729429
86 17.42 0.0775552 0.312792
87 17.4297 18.9229 0.00112245
88 17.4831 19.1899 0.134016
89 17.3978 18.993 0.277365
90 17.422 19.1469 -0.253559
91 17.4623 19.6303 -0.00956635
92 17.5222 19.8201 0.0862171
93 17.4175 19.9586 0.310994
94 17.3771 19.5703 -0.257714
95 17.4376 19.5278 0.288657
96 17.4632 19.2245 0.175082
97 17.4603 19.9552 -0.0417793
98 17.4545 19.562 0.271158
99 17.4316 19.6534 0.120921
