100
Particles
0 2.28328 14.3042 0.118646
1 2.05902 15.6706 -0.196457
2 2.46968 14.5834 -0.0488978
3 3.78515 2.84071 0.0104289
4 1.89441 13.9658 -0.308606
5 2.45739 16.1309 -0.432382
6 2.11472 16.3864 0.094173
7 14.8615 16.4106 1.03245
8 14.7858 16.5818 0.949231
9 3.07729 0.929502 -0.31334
10 3.7456 3.35305 0.0827909
11 2.92895 1.34131 0.0563863
12 1.17713 13.6077 -0.0818762
13 0.959305 13.4116 -0.255215
14 3.6705 10.1579 0.00574444
15 1.34125 13.006 0.0319128
16 4.21938 1.655 -0.124287
17 3.3117 2.13692 0.318886
18 4.76965 10.9535 0.320765
19 18.8206 14.5805 -0.534344
20 4.18951 2.83615 0.36994
21 12.0178 18.2868 1.62135
22 3.45657 4.12462 0.300896
23 3.74085 4.89942 -0.0146509
24 4.10865 10.626 -0.281476
25 4.94569 2.29235 -0.140256
26 0.0307905 12.6154 -0.300097
27 2.05309 15.3155 -0.0417594
28 3.66934 1.77479 -0.249493
29 19.9143 12.96 -0.378518
30 2.22707 15.6309 -0.304902
31 4.16438 4.12595 0.182316
32 2.89105 17.8394 -0.0310288
33 3.00958 0.170003 0.0360866
34 3.45308 2.90327 -0.0326095
35 2.04555 14.3726 -0.277913
36 1.91532 13.467 0.1543
37 3.60777 1.58608 0.0801426
38 3.64797 2.30478 0.342266
39 1.61282 13.13 -0.0462658
40 0.763598 13.2428 -0.164609
41 2.58474 14.9592 -0.0955966
42 3.56958 3.05734 0.0136142
43 3.17791 3.06349 0.183621
44 4.05023 5.96516 -0.0369156
45 0.693957 3.78482 -0.643698
46 2.64128 17.6032 -0.233287
47 19.5328 13.9075 -0.385855
48 1.64008 13.0422 0.0620586
49 3.6953 2.42089 0.304414
50 2.6391 15.0251 -0.362348
51 3.70355 2.79882 0.285157
52 19.4172 13.6378 -0.267308
53 2.82515 17.5643 -0.261102
54 4.98174 10.2918 -0.398268
55 2.58959 1.20015 0.262679
56 4.3815 1.03563 -0.141036
57 19.7018 4.2357 -1.31458
58 1.9285 13.9862 -0.294718
59 5.25148 9.3821 -0.259549
60 4.55541 11.9791 0.527936
61 2.07249 15.0836 -0.0922867
62 4.66 6.11318 -0.317299
63 2.52619 1.47498 -0.129087
64 4.49235 5.78224 -0.215301
65 0.500794 14.143 -0.394485
66 4.43567 1.93823 -0.115074
67 2.1558 0.555317 0.232347
68 2.39933 1.00528 -0.330123
69 4.50396 1.62547 0.349669
70 9.42014 17.7043 2.08663
71 3.81753 2.37816 0.234902
72 3.45462 0.0294149 -0.385398
73 3.71687 5.34669 -0.0415403
74 4.22029 1.7978 0.0463121
75 3.48525 2.55703 0.27246
76 3.10058 1.26694 0.163549
77 2.56604 15.3202 -0.04704
78 2.04097 15.7355 0.0969179
79 2.36925 15.7123 -0.386829
80 4.76846 0.967652 0.477494
81 6.18065 9.25204 -0.151554
82 1.43527 13.3749 -0.382462
83 14.9607 17.3024 1.35711
84 2.90723 0.767862 -0.000489628
85 3.94868 3.48534 0.172897
86 3.40287 2.30657 0.0417449
87 5.44853 9.5599 -0.0836791
88 5.78044 9.829 0.0742561
89 3.85219 3.9878 0.353578
90 4.88892 2.17226 0.0353092
91 3.68086 3.53796 0.248886
92 4.48357 4.89763 0.0265039
93 4.43447 9.55935 -0.450988
94 2.92567 1.97328 -0.0823098
95 2.26378 16.1837 -0.281454
96 4.5623 1.75222 0.104164
97 2.53304 1.12354 0.087635
98 3.09592 1.86796 -0.197544
99 2.29167 14.9038 -0.372781
