100
Particles
0 3.52611 14.3376 0.0107585
1 3.27212 15.4505 -0.244733
2 3.67887 14.3044 -0.364181
3 5.00231 3.02208 0.0790865
4 3.10476 13.7276 0.124778
5 3.665 15.8954 -0.12324
6 3.32169 16.1466 -0.1707
7 15.6211 17.3875 0.932531
8 15.5027 17.5831 1.02666
9 4.31348 0.961552 0.12817
10 4.96218 3.51667 0.319033
11 4.14558 1.38371 -0.389008
12 2.37802 13.322 0.0520474
13 2.17463 13.1263 -0.321103
14 4.77892 9.68045 -0.727405
15 2.58583 13.0194 -0.146908
16 5.4545 1.55944 -0.0183748
17 4.54254 2.23071 -0.0617025
18 5.98165 10.736 -0.200981
19 0.0132081 14.467 0.331815
20 5.41752 2.9081 -0.115612
21 12.1137 19.5068 1.85119
22 4.70444 4.17318 0.0234982
23 4.95981 5.0747 -0.116004
24 5.27078 10.2265 -0.559353
25 6.18566 2.4184 0.11918
26 1.18229 12.261 -0.781737
27 3.29577 15.213 0.0308451
28 4.8758 1.83496 0.274885
29 1.01961 12.4175 -0.439736
30 3.4341 15.3575 -0.106265
31 5.31213 4.59795 0.249886
32 4.1099 17.7957 0.212766
33 4.2431 0.152966 0.069811
34 4.64709 3.13328 0.154318
35 3.27753 14.3393 0.137957
36 3.15562 13.4798 0.177744
37 4.84101 1.54492 -0.087316
38 4.88589 2.23905 -0.186863
39 2.84056 12.9721 -0.28663
40 1.99985 13.1088 -0.0296392
41 3.82763 14.8852 0.0947357
42 4.78652 3.31142 0.210669
43 4.40959 3.22889 0.0997959
44 5.26995 5.75427 -0.178281
45 1.40519 2.80369 -1.30466
46 3.88503 17.5662 -0.038482
47 0.677012 13.4519 -0.112214
48 2.87401 12.904 -0.0387077
49 4.92814 2.51812 -0.0377524
50 3.87564 15.0399 0.0206894
51 4.91382 3.04273 0.398139
52 0.566148 13.197 -0.257115
53 4.0467 17.6648 0.289596
54 6.16552 9.93248 -0.353894
55 3.81816 1.03833 -0.194768
56 5.59677 0.978792 -0.217581
57 0.0078965 3.03987 -1.59422
58 3.15423 13.8994 0.155685
59 6.44583 9.06844 0.0321886
60 5.4395 12.8549 0.772786
61 3.28916 14.9298 -0.184076
62 5.89429 6.01726 -0.0288335
63 3.76051 1.52336 -0.172725
64 5.69648 5.61354 0.208688
65 1.67691 13.7609 -0.447964
66 5.67257 1.87682 -0.284718
67 3.35818 0.293382 -0.324247
68 3.60708 0.796744 -0.242522
69 5.72637 1.46425 -0.3655
70 9.02075 18.8788 2.04428
71 5.0532 2.45507 0.11231
72 4.64655 19.9442 0.0667528
73 4.92446 5.22186 0.0168902
74 5.4341 1.7249 -0.33907
75 4.66939 2.94208 0.183002
76 4.32012 1.03005 -0.321532
77 3.76475 15.0773 -0.355253
78 3.25772 15.5977 -0.0263645
79 3.59275 15.6001 -0.445283
80 5.99002 0.743158 -0.286445
81 7.38241 8.95267 -0.268314
82 2.63651 13.1315 -0.109837
83 15.438 18.448 1.36181
84 4.10654 0.502835 -0.419522
85 5.1714 3.72635 0.116547
86 4.58436 2.70191 0.428216
87 6.62074 9.15667 -0.280976
88 6.98695 9.55564 0.00398666
89 5.06963 4.21028 0.436314
90 6.11031 2.15249 0.278906
91 4.87131 3.84436 0.225145
92 5.69112 5.06329 0.469231
93 5.57364 9.09644 -0.0925111
94 4.15584 2.0606 -0.139669
95 3.47623 15.8826 -0.300107
96 5.74588 1.36819 -0.388644
97 3.76039 0.899707 -0.132947
98 4.32378 1.93229 -0.172673
99 3.46405 14.549 -0.434659
