100
Particles
0 4.73945 14.1448 -0.130874
1 4.4992 15.2883 0.0294863
2 4.8661 13.9745 -0.148382
3 6.20812 3.27301 0.269458
4 4.30433 13.4448 -0.242091
5 4.85853 15.575 -0.485992
6 4.51903 15.804 -0.259168
7 16.3813 18.3618 0.736008
8 16.1917 18.593 0.870215
9 5.51441 0.710479 -0.0528494
10 6.18855 3.61644 -0.042109
11 5.35534 1.10248 -0.344806
12 3.58987 13.1341 -0.136647
13 3.40195 13.0761 0.066318
14 5.76538 8.93179 -0.445264
15 3.80008 12.7981 -0.176016
16 6.68255 1.54796 0.282228
17 5.78833 2.22413 0.047126
18 7.17317 10.394 -0.485808
19 1.24133 14.6054 0.242893
20 6.63952 2.98009 -0.167066
21 12.0215 0.745772 1.61694
22 5.92892 4.35303 0.255717
23 6.14138 5.41404 0.580822
24 6.38506 9.68939 -0.590675
25 7.42683 2.44355 -0.0384826
26 2.22579 11.6844 -0.0990716
27 4.5087 15.0217 0.0169197
28 6.10249 1.91382 0.190631
29 2.10039 11.8176 -0.527484
30 4.60202 14.942 -0.466825
31 6.44142 5.10605 0.582
32 5.30526 18.1167 0.208809
33 5.46802 19.9709 -0.264263
34 5.86784 3.32452 0.306233
35 4.4687 14.0048 -0.0960676
36 4.34909 13.143 -0.503889
37 6.07259 1.42837 0.129026
38 6.11856 2.28765 -0.0640373
39 4.06113 12.7984 -0.173706
40 3.20934 12.9757 -0.306095
41 4.99486 14.4625 -0.243991
42 6.01806 3.46505 -0.000978878
43 5.63717 3.34126 0.138913
44 6.46704 5.99579 0.384502
45 1.34338 1.56504 -1.73639
46 5.09042 17.8178 0.0296705
47 1.82469 12.9883 -0.216453
48 4.10119 12.698 -0.297614
49 6.15354 2.54658 -0.088292
50 5.09319 14.7914 -0.247757
51 6.14251 3.16854 -0.162764
52 1.69398 12.7017 -0.255233
53 5.25675 17.8631 0.394173
54 7.38942 9.79068 -0.233818
55 5.00471 0.754363 0.104411
56 6.80451 0.741988 -0.29051
57 0.446484 1.92203 -0.879899
58 4.35922 13.6791 -0.269076
59 7.63044 8.73973 -0.507153
60 6.34457 13.7021 0.934656
61 4.48231 14.5867 -0.292268
62 7.09867 6.28819 0.365184
63 5.00165 1.42596 -0.0317505
64 6.88716 5.9351 0.115343
65 2.87419 13.6931 -0.07762
66 6.89102 1.61836 -0.238609
67 4.52821 19.9311 -0.486128
68 4.83292 0.653472 0.0963525
69 6.95401 1.44592 -0.296904
70 8.3227 19.9103 2.13516
71 6.27719 2.52894 0.249306
72 5.84966 19.7639 -0.147414
73 6.09601 5.56247 0.462363
74 6.66768 1.65257 -0.0664212
75 5.89928 3.0649 0.145357
76 5.52404 0.705827 -0.22945
77 4.97492 14.7974 -0.146226
78 4.44248 15.269 -0.196927
79 4.79481 15.2906 -0.159986
80 7.21254 0.580313 0.0754828
81 8.60321 8.72251 -0.0147977
82 3.84789 13.0096 -0.0995623
83 16.2614 19.3697 0.738916
84 5.28935 0.153284 -0.213559
85 6.41355 3.79073 0.127353
86 5.8213 2.876 0.105589
87 7.85512 8.99252 -0.199923
88 8.22171 9.46076 -0.287669
89 6.26411 4.5213 0.114608
90 7.34456 2.20229 0.262874
91 6.09569 3.99485 -0.100846
92 6.91442 5.2629 0.0691912
93 6.70507 8.62881 -0.352374
94 5.38897 2.02936 0.0907946
95 4.67554 15.6219 -0.404891
96 6.99119 1.31216 -0.101565
97 4.97678 0.679043 0.0438547
98 5.55489 1.76329 -0.170021
99 4.61775 14.1132 -0.530395
