100
Particles
0 5.92592 13.8281 -0.0280043
1 5.63095 14.8225 -0.592127
2 6.02791 13.5445 -0.165387
3 7.43965 3.2898 -0.130504
4 5.50202 13.2973 0.10802
5 6.02532 15.1522 -0.40007
6 5.70327 15.4181 -0.396894
7 17.1896 19.2959 0.973809
8 16.9387 19.5795 1.05355
9 6.74555 0.599991 -0.0552737
10 7.42626 3.70854 -0.00626779
11 6.59611 1.10963 0.0947967
12 4.79096 12.9434 -0.434431
13 4.62488 12.9263 0.0936829
14 6.87404 8.40147 -0.334781
15 5.02845 12.5969 -0.260039
16 7.92238 1.62634 0.14631
17 7.00326 2.38386 0.236685
18 8.34751 10.1291 0.162561
19 2.25952 15.2359 0.753237
20 7.86766 3.05252 -0.152858
21 12.4038 1.92262 1.32142
22 7.15355 4.44391 -0.0232867
23 7.28704 5.8849 0.6231
24 7.36138 8.94168 -0.923034
25 8.63273 2.64866 0.521719
26 3.36179 11.1837 -0.279984
27 5.69571 14.6603 -0.249777
28 7.34189 1.85075 -0.156621
29 3.32135 11.5833 -0.132763
30 5.77735 14.5695 -0.53701
31 7.55451 5.62929 0.28239
32 6.55405 18.1115 -0.0303754
33 6.68016 19.8998 0.25735
34 7.07896 3.60849 0.14905
35 5.69873 13.857 -0.103993
36 5.57513 12.9524 -0.206257
37 7.28728 1.69239 0.238918
38 7.34751 2.3376 0.167236
39 5.25508 12.5433 -0.139928
40 4.44406 12.8469 -0.0954442
41 6.18401 14.1268 -0.154958
42 7.24332 3.56694 0.393459
43 6.87972 3.34556 0.0318518
44 7.53154 6.64495 0.509095
45 1.73614 0.38727 -1.37889
46 6.32421 17.9741 0.226648
47 3.01302 12.6792 -0.173004
48 5.3228 12.549 -0.289555
49 7.3802 2.5815 0.210553
50 6.28169 14.4697 -0.504319
51 7.36508 3.2742 -0.00393087
52 2.87943 12.3896 -0.374501
53 6.49507 17.9602 0.18296
54 8.61276 9.61856 -0.0642187
55 6.23129 0.863505 0.309266
56 8.02536 0.829481 0.245494
57 0.694191 0.703339 -1.22178
58 5.57349 13.4887 -0.0645535
59 8.72158 8.169 -0.425549
60 7.12885 14.3623 -0.0445133
61 5.66942 14.2647 -0.34947
62 8.16833 6.88219 0.699345
63 6.21942 1.4988 -0.131493
64 8.00268 6.46806 0.525935
65 4.0963 13.4965 -0.423514
66 8.13667 1.60016 -0.146134
67 5.76149 19.8532 0.141068
68 6.07022 0.512622 -0.233983
69 8.18737 1.43755 -0.110616
70 9.07711 0.533202 -0.0817671
71 7.48379 2.81716 0.416289
72 7.07589 19.5551 -0.137627
73 7.16273 6.17406 0.30156
74 7.88465 1.71202 -0.0666146
75 7.09837 3.29971 -0.137432
76 6.74814 0.743933 0.306622
77 6.13893 14.3949 -0.490699
78 5.65901 15.0143 -0.323568
79 6.0183 15.1248 -0.00457056
80 8.43506 0.583408 0.0646483
81 9.81778 8.48176 -0.0366263
82 5.0686 12.8716 0.0370213
83 17.186 0.185594 1.00754
84 6.51201 0.0251079 -0.083447
85 7.62941 3.88814 0.424246
86 7.05689 2.76159 -0.0145379
87 9.0611 8.72011 -0.418015
88 9.43726 9.19794 -0.267994
89 7.49371 4.64621 -0.0880015
90 8.56304 2.42739 0.271491
91 7.31306 4.14425 0.379243
92 7.93132 5.97689 0.721519
93 7.79394 8.0362 -0.683389
94 6.61737 2.15999 0.313661
95 5.89077 15.4883 -0.0955715
96 8.22007 1.43171 0.289597
97 6.20633 0.769916 0.177459
98 6.78863 1.74555 0.225291
99 5.78119 13.7215 -0.14592
