100
Particles
0 7.14177 13.6981 0.0917583
1 6.85383 14.5753 -0.273976
2 7.21563 13.2008 -0.174771
3 8.66502 3.46229 0.111747
4 6.69353 12.9527 -0.432225
5 7.22144 14.9401 0.033884
6 6.86578 14.963 -0.407019
7 17.6776 0.412495 1.07761
8 17.5534 0.65846 0.919779
9 7.99345 0.581331 0.0543853
10 8.64037 3.89746 0.270867
11 7.81932 1.33672 0.235695
12 6.01818 12.9028 -0.361644
13 5.83736 12.7299 -0.171307
14 7.96675 7.84171 -0.213931
15 6.22995 12.421 -0.233431
16 9.16061 1.70445 0.0147934
17 8.2207 2.5654 0.411165
18 9.59293 10.1766 0.0220438
19 2.95062 16.2606 1.19411
20 9.09985 3.22594 0.0491803
21 12.7592 3.10867 1.12842
22 8.3795 4.45296 -0.242038
23 8.35651 6.48206 0.518338
24 8.43552 8.34467 -0.415975
25 9.84573 2.79603 -0.0253079
26 4.51848 10.7331 -0.216798
27 6.89086 14.4561 -0.430099
28 8.58297 1.74047 -0.188867
29 4.50723 11.2672 -0.0258403
30 6.96784 14.2822 0.0625183
31 8.61962 6.23834 0.392516
32 7.73094 18.4117 0.590356
33 7.9166 19.8271 0.00892485
34 8.30881 3.54707 -0.0226483
35 6.90764 13.6135 0.0681565
36 6.80729 12.8083 -0.0617877
37 8.52425 1.71676 0.187354
38 8.5954 2.33276 0.0174377
39 6.42051 12.1796 -0.329212
40 5.65 12.541 -0.089214
41 7.41448 13.9171 -0.174281
42 8.47841 3.55493 0.0505697
43 8.10109 3.59884 0.282757
44 8.67407 7.14062 0.573874
45 2.3341 19.2976 -0.861444
46 7.52975 18.2656 0.0736888
47 4.21562 12.4711 0.195312
48 6.51211 12.227 -0.351791
49 8.60569 2.75779 0.163371
50 7.5044 14.3319 -0.20067
51 8.59662 3.34998 0.355819
52 4.07266 12.0984 -0.0460209
53 7.68207 18.2202 0.167541
54 9.81171 9.3477 0.103112
55 7.46234 0.769184 0.0794363
56 9.25874 0.841234 0.0278543
57 1.04508 19.5161 -1.15292
58 6.8093 13.4196 -0.0963333
59 9.92624 7.8649 -0.105341
60 8.34418 14.2319 -0.0890437
61 6.8598 13.9779 0.11417
62 9.36184 7.16634 0.120444
63 7.42915 1.76107 -0.00920424
64 9.12296 7.01181 0.356085
65 5.28264 13.154 -0.0562401
66 9.37976 1.66404 -0.0104565
67 6.9825 19.7494 -0.236927
68 7.28326 0.340918 -0.269169
69 9.42267 1.38629 0.217183
70 10.2523 0.865375 0.0519815
71 8.72439 2.83674 -0.113968
72 8.30344 19.6872 0.156463
73 8.16181 6.90341 0.589764
74 9.10536 1.77637 -0.206125
75 8.32918 3.38165 0.0483346
76 7.99298 0.730844 0.0303167
77 7.34577 14.1942 -0.0854898
78 6.8397 14.6919 -0.484617
79 7.18016 14.7165 -0.344622
80 9.65308 0.81411 0.327413
81 11.0455 8.26552 -0.284415
82 6.29091 12.72 0.0752425
83 17.7301 1.30225 1.25685
84 7.72702 19.8709 -0.446075
85 8.86943 3.85187 -0.206836
86 8.29986 2.74728 0.118317
87 10.2446 8.35557 -0.295124
88 10.61 8.9009 0.122181
89 8.73064 4.77535 0.0867873
90 9.7977 2.50614 -0.0297814
91 8.53223 4.19174 0.329698
92 9.03453 6.53954 0.578749
93 8.93251 7.64288 -0.104581
94 7.82105 2.25682 0.431584
95 7.10685 15.2852 0.0526081
96 9.4361 1.62364 0.339766
97 7.432 0.569584 -0.254501
98 7.99053 2.07264 0.233353
99 6.99798 13.5436 -0.0905235
