100
Particles
0 8.27036 13.2155 -0.54721
1 8.05681 14.324 -0.385854
2 8.40812 12.8716 -0.0570049
3 9.8965 3.61211 0.328173
4 7.86922 12.6636 -0.453385
5 8.45864 14.7964 -0.00566202
6 8.07665 14.7345 -0.151464
7 18.385 1.42474 0.658945
8 18.2701 1.66228 0.829803
9 9.22199 0.460055 0.152653
10 9.87992 3.84273 -0.100354
11 9.05964 1.36415 0.0845854
12 7.21475 12.6215 -0.438592
13 7.07346 12.6266 -0.111805
14 9.16306 8.10113 0.509608
15 7.44424 12.2846 -0.462098
16 10.3966 1.81775 0.0395104
17 9.43713 2.74366 0.39161
18 10.8232 10.3874 0.183502
19 3.87632 17.0833 0.736569
20 10.3314 3.22752 -0.168427
21 12.9689 4.33754 1.392
22 9.60902 4.54667 0.146747
23 9.55997 6.77554 0.418445
24 9.67108 8.39733 0.220487
25 11.0774 2.93785 -0.083421
26 5.75172 10.6556 -0.0510892
27 8.11741 14.3131 -0.0017037
28 9.79382 1.93599 0.357856
29 5.73077 11.0278 -0.115774
30 8.1453 13.8825 -0.132143
31 9.70426 6.82614 0.598774
32 8.82853 18.9678 0.451168
33 9.13736 19.8299 0.154284
34 9.53828 3.6514 -0.154165
35 8.1207 13.4265 -0.0181098
36 8.00934 12.5217 0.000417754
37 9.74577 1.87807 0.341238
38 9.82585 2.45458 0.144241
39 7.64305 12.116 -0.430358
40 6.87521 12.5369 -0.0765789
41 8.60891 13.6267 -0.267766
42 9.70072 3.69617 0.143339
43 9.31667 3.83037 0.223995
44 9.87292 7.43407 0.127978
45 3.39884 18.6579 -0.619388
46 8.57609 18.9317 0.795651
47 5.36644 12.055 -0.488964
48 7.7087 11.9639 0.110191
49 9.81289 2.94332 0.0587718
50 8.6311 13.8013 -0.401759
51 9.79975 3.59082 0.397271
52 5.22776 11.762 -0.684926
53 8.78378 18.7806 0.286269
54 11.0477 9.46186 -0.0705084
55 8.69613 0.62662 -0.106218
56 10.5019 0.765358 -0.119565
57 1.76674 18.5105 -1.05496
58 8.00375 13.0532 -0.286447
59 11.1122 7.99715 0.417818
60 9.50627 13.7952 -0.298509
61 8.06781 13.7015 -0.171304
62 10.5696 7.4586 0.39256
63 8.66935 1.80914 -0.0482816
64 10.2477 7.53455 0.333988
65 6.49712 12.8852 -0.29416
66 10.6051 1.61933 0.164994
67 8.21057 19.7183 -0.345494
68 8.50196 0.250432 -0.371171
69 10.6685 1.42884 -0.0617297
70 11.4949 0.949101 0.0192911
71 9.95591 2.95615 0.252004
72 9.53805 19.8423 0.00329967
73 9.33425 7.26796 0.141227
74 10.3284 1.92475 0.12431
75 9.55308 3.37211 0.37461
76 9.22141 0.602021 -0.21534
77 8.58032 14.0011 -0.121611
78 8.02196 14.3274 -0.133495
79 8.35101 14.3357 -0.181711
80 10.872 1.0012 -0.160714
81 12.2652 8.4383 0.0184481
82 7.46801 12.4079 -0.516158
83 18.443 2.31344 0.985707
84 8.95919 19.7912 -0.109053
85 10.1084 3.78083 -0.140791
86 9.51805 2.93319 0.0456806
87 11.4735 8.51351 0.38034
88 11.837 9.05993 0.0241387
89 9.96411 4.87148 0.221355
90 11.0372 2.66279 0.0690836
91 9.7606 4.19536 -0.19959
92 10.1065 7.15657 0.50999
93 10.1454 7.87635 0.329772
94 9.02727 2.52048 0.501661
95 8.33433 15.1961 -0.404058
96 10.6718 1.50331 -0.00164067
97 8.65508 0.33357 -0.224983
98 9.20723 2.32034 0.148832
99 8.21113 13.2975 -0.307338
