100
Particles
0 9.43362 12.7888 -0.35973
1 9.23669 13.9914 -0.307558
2 9.53697 12.3993 -0.645088
3 11.1259 3.66669 0.149477
4 9.01898 12.2305 -0.226234
5 9.61763 14.5116 -0.558807
6 9.23621 14.2974 -0.162666
7 19.0818 2.45501 0.798303
8 18.9996 2.64767 0.773235
9 10.4227 0.31562 -0.423392
10 11.0859 4.1197 0.329331
11 10.293 1.18098 -0.230227
12 8.37225 12.2329 -0.670732
13 8.21753 12.1337 -0.342087
14 10.2835 8.57501 0.375417
15 8.63664 11.9571 -0.346341
16 11.6166 2.04819 0.0217814
17 10.6806 2.76564 -0.145979
18 12.0349 10.66 0.329538
19 4.99546 17.5424 0.171303
20 11.5617 3.40503 0.259151
21 12.9942 5.57801 1.35592
22 10.8169 4.73266 -0.0658668
23 10.7453 7.11688 0.154179
24 10.7446 9.03167 0.469137
25 12.3138 3.00721 0.18759
26 6.98435 10.5298 -0.213873
27 9.24712 13.8509 -0.170162
28 11.0171 2.02442 0.309601
29 6.91566 10.6977 -0.100573
30 9.27334 13.4402 -0.159578
31 10.9401 7.0004 0.130243
32 10.0163 19.3408 0.229225
33 10.3812 19.8692 0.0822711
34 10.781 3.63325 0.089899
35 9.21716 12.8508 -0.4558
36 9.108 11.9588 -0.56752
37 10.9898 1.81492 0.00216427
38 11.0481 2.68809 0.227259
39 8.80158 11.7051 -0.223159
40 7.93797 11.8845 -0.508177
41 9.75741 13.1552 -0.525325
42 10.9324 3.79139 -0.00463416
43 10.5226 4.15252 0.29739
44 10.9397 8.06126 0.549407
45 4.56876 18.4584 0.270947
46 9.78149 19.2259 0.166135
47 6.37181 11.3324 -0.578599
48 8.85822 11.5279 -0.416646
49 11.037 3.01643 0.266427
50 9.81434 13.4516 -0.189355
51 11.0043 3.87878 0.290374
52 6.3944 11.344 -0.449794
53 9.986 18.924 0.235324
54 12.2654 9.55645 -0.0815415
55 9.89951 0.337163 -0.322251
56 11.7206 0.609214 -0.236224
57 2.07521 17.3033 -1.25427
58 9.18477 12.7381 -0.490113
59 12.3108 8.29898 0.360925
60 10.7157 13.535 -0.0147205
61 9.21928 13.2806 -0.303328
62 11.7201 7.9349 0.501908
63 9.86139 1.54515 -0.478708
64 11.4321 7.88555 0.303406
65 7.6621 12.4844 -0.297649
66 11.8318 1.51646 -0.356648
67 9.44978 19.6434 -0.0957579
68 9.73834 0.157621 -0.0432094
69 11.9129 1.43765 0.133126
70 12.7384 0.949926 0.0531139
71 11.1823 3.04811 0.255881
72 10.7689 19.798 0.0525978
73 10.4206 7.87043 0.463297
74 11.5679 1.95704 -0.0663544
75 10.7899 3.39248 -0.110615
76 10.4428 0.433405 -0.197554
77 9.65932 13.385 -0.506887
78 9.10611 13.7283 -0.626911
79 9.51309 13.9106 -0.501775
80 12.0906 0.801356 -0.405714
81 13.4943 8.60562 0.350666
82 8.61133 12.0244 -0.702595
83 18.917 3.45335 1.08132
84 10.1963 19.7826 0.222353
85 11.3284 3.95721 0.0241846
86 10.7522 3.01228 0.0741703
87 12.6404 8.93479 0.396192
88 13.0287 9.32901 0.48053
89 11.1983 4.95152 0.130914
90 12.2336 2.90753 0.478755
91 10.9835 4.39312 0.164951
92 11.289 7.47457 0.611497
93 11.3393 8.2143 0.312095
94 10.2691 2.4788 0.0544669
95 9.55152 14.9175 -0.224181
96 11.8958 1.38021 0.199797
97 9.88276 0.192678 0.188513
98 10.4287 2.39659 -0.231271
99 9.30595 12.7504 -0.658548
