100
Particles
0 10.5736 12.2989 -0.298472
1 10.4325 13.645 -0.198299
2 10.7199 12.027 -0.112094
3 12.3689 3.55274 -0.0266204
4 10.1262 11.697 -0.616332
5 10.8133 14.1851 -0.458626
6 10.3624 13.8022 -0.257314
7 19.6474 3.56519 1.01209
8 19.6764 3.68822 0.856348
9 11.6488 0.246733 -0.1526
10 12.2978 4.28051 -0.155207
11 11.493 0.904134 -0.355404
12 9.44804 11.6419 -0.746362
13 9.32603 11.57 -0.397001
14 11.4974 8.84968 0.181647
15 9.72197 11.3629 -0.502176
16 12.8581 1.96826 0.0655782
17 11.9019 2.79651 -0.318235
18 13.2515 10.9445 0.251937
19 6.21137 17.6009 0.0144586
20 12.8058 3.41936 0.184499
21 13.6415 6.64183 1.07199
22 12.0395 4.81871 0.172324
23 11.8602 7.62314 0.0450326
24 11.9425 9.36543 0.196715
25 13.5022 3.18849 -0.0861113
26 8.18142 10.2269 -0.429427
27 10.3419 13.2768 -0.295967
28 12.2468 2.10588 0.175528
29 8.10153 10.3947 -0.355079
30 10.4033 12.9443 -0.20627
31 12.1207 7.35105 0.339651
32 11.2573 19.2925 -0.169605
33 11.6182 19.9111 -0.00860235
34 12.0184 3.63178 -0.240851
35 10.3597 12.3864 -0.698843
36 10.2586 11.4809 -0.290996
37 12.1997 1.57581 -0.368132
38 12.2764 2.6243 -0.167279
39 9.88387 11.1226 -0.505905
40 8.98789 11.257 -0.340016
41 10.9546 12.8558 -0.400423
42 12.1459 3.74186 -0.293372
43 11.756 3.98102 -0.265676
44 12.0887 8.52389 0.552744
45 5.73978 18.873 0.499798
46 11.0098 19.2266 0.136089
47 7.56816 11.0074 -0.143556
48 9.91232 10.8686 -0.62504
49 12.272 2.93661 -0.172023
50 10.8697 12.8052 -0.674101
51 12.2288 3.8666 -0.354752
52 7.51258 10.824 -0.447602
53 11.2046 19.1129 0.180413
54 13.3679 10.1349 0.565887
55 11.1319 0.308817 0.189465
56 12.9543 0.467772 -0.206402
57 2.65068 16.1983 -0.958793
58 10.3197 12.2561 -0.197065
59 13.4187 8.79875 0.0980789
60 11.9021 13.1916 -0.13068
61 10.2542 12.5883 -0.418542
62 12.8183 8.49448 0.300278
63 11.0392 1.21245 -0.408606
64 12.6517 8.13099 0.123206
65 8.58628 11.6477 -0.770099
66 13.0656 1.32919 -0.0834104
67 10.6852 19.4655 -0.191801
68 10.9447 19.9335 -0.331237
69 13.1531 1.34936 0.0684962
70 13.9136 0.624451 -0.501211
71 12.4102 3.22963 0.217745
72 11.9809 19.903 0.236988
73 11.594 8.29466 0.274696
74 12.7955 2.05292 0.260441
75 12.0035 3.28209 -0.272863
76 11.6797 0.40675 0.0376517
77 10.7661 12.8447 -0.470176
78 10.2929 13.4017 -0.137196
79 10.6757 13.5078 -0.365875
80 13.3103 0.743885 0.104836
81 14.635 9.04856 0.177819
82 9.57932 11.2511 -0.830582
83 19.6796 4.42137 0.907093
84 11.4218 19.8224 -0.268384
85 12.5377 4.14662 -0.181357
86 11.9932 3.03017 0.0395285
87 13.8056 9.29411 0.178695
88 14.1399 9.87818 0.410963
89 12.4195 5.05048 -0.212739
90 13.433 3.14704 0.199643
91 12.2246 4.44067 0.0712163
92 12.4501 7.87202 0.103281
93 12.5592 8.42978 0.432105
94 11.4978 2.52087 0.151389
95 10.6691 14.3721 -0.619232
96 13.109 1.21026 -0.0627252
97 11.1134 0.130476 0.0746515
98 11.6708 2.41361 -0.199492
99 10.5185 12.4838 -0.120782
