100
Particles
0 11.7135 11.8116 -0.555523
1 11.5866 13.234 -0.076998
2 11.9069 11.7238 -0.609441
3 13.5242 3.09801 -0.551841
4 11.1859 11.0547 -0.57489
5 11.953 13.756 -0.25216
6 11.554 13.5452 -0.0404151
7 0.292575 4.63412 1.0685
8 0.472905 4.63182 0.976966
9 12.8855 0.296976 0.0780044
10 13.5109 4.08989 0.136828
11 12.7378 0.872056 -0.103067
12 10.4736 10.9561 -0.420686
13 10.3794 10.9413 -0.814412
14 12.6786 9.13107 0.510644
15 10.7478 10.6569 -0.646999
16 14.0831 1.84104 -0.146074
17 13.0844 2.51061 -0.514465
18 14.3532 11.4835 0.105038
19 7.44547 17.4677 -0.00249892
20 14.0437 3.32079 0.0117044
21 14.4466 7.5719 0.960452
22 13.2366 4.52983 -0.158527
23 12.9675 8.17435 0.199207
24 13.1372 9.5385 0.452142
25 14.7269 3.25764 -0.136882
26 9.33266 9.83116 -0.316285
27 11.5128 12.9144 -0.0587329
28 13.4703 1.92011 -0.164098
29 9.3028 10.1037 -0.16459
30 11.558 12.5129 -0.524359
31 13.1863 7.92224 0.676634
32 12.4873 19.1486 -0.0758005
33 12.8621 0.012771 0.0813063
34 13.2134 3.30811 -0.145077
35 11.5701 12.1192 -0.0593777
36 11.3494 10.9151 -0.582676
37 13.414 1.37913 -0.384293
38 13.5166 2.51621 -0.122097
39 10.8642 10.3571 -0.657532
40 9.99932 10.5555 -0.418764
41 12.1606 12.567 -0.218923
42 13.3931 3.73383 0.0928909
43 12.9717 3.77173 0.00228996
44 13.3123 8.72101 0.176268
45 6.97111 19.0734 0.177497
46 12.2317 19.1076 0.177793
47 8.7744 10.7576 0.00901071
48 10.9289 10.1666 -0.578393
49 13.468 2.61915 -0.115042
50 12.0311 12.4302 -0.052444
51 13.4581 3.76457 -0.383585
52 8.67932 10.4228 -0.174243
53 12.4131 18.8742 -0.435443
54 14.4186 10.7384 0.566857
55 12.3508 0.257636 0.224438
56 14.1707 0.295658 -0.488745
57 3.4405 15.2502 -0.611361
58 11.5045 11.8956 -0.357042
59 14.6202 9.03781 0.480554
60 13.1356 13.301 -0.098724
61 11.4226 12.2101 -0.439976
62 14.0078 8.77053 0.372855
63 12.2576 1.15496 0.171049
64 13.7286 8.73839 0.682256
65 9.68417 11.086 -0.254325
66 14.2317 0.91329 -0.492868
67 11.9286 19.4108 0.000363128
68 12.1683 19.8525 -0.221578
69 14.3521 1.07025 -0.0675691
70 15.1242 0.352355 -0.151704
71 13.61 2.93784 -0.0907051
72 13.2114 0.0109981 0.0371993
73 12.7993 8.57501 0.352139
74 14.0027 1.79215 -0.318979
75 13.19 2.95714 -0.166997
76 12.9019 0.298887 -0.15266
77 11.9121 12.3642 -0.372987
78 11.5291 13.24 -0.149928
79 11.8545 13.1643 0.0507871
80 14.5351 0.524544 -0.256078
81 15.756 9.55902 0.454234
82 10.6391 10.6238 -0.494187
83 0.505317 5.33937 0.986505
84 12.64 19.7206 -0.29543
85 13.7693 4.0099 -0.306792
86 13.176 2.66212 -0.229104
87 14.9347 9.7515 0.692282
88 15.2056 10.4867 0.310686
89 13.6434 4.84313 -0.201256
90 14.6431 3.39586 0.207294
91 13.4052 4.11401 -0.0324932
92 13.5206 8.49773 0.64184
93 13.7166 8.80071 0.419149
94 12.7042 2.2611 -0.145168
95 11.7999 13.903 -0.360532
96 14.3413 1.02514 -0.29158
97 12.3247 0.0708552 0.224502
98 12.8367 2.11848 -0.511357
99 11.6854 12.1047 -0.275595
