100
Particles
0 12.9342 11.6056 0.00860905
1 12.8087 13.0584 -0.154408
2 13.0997 11.3925 -0.208007
3 14.7644 3.151 0.175609
4 12.1872 10.3669 -0.405815
5 13.1826 13.5878 0.0601521
6 12.7622 13.3494 -0.480309
7 0.934033 5.68931 1.06162
8 1.00861 5.73786 1.07525
9 14.0987 0.0298764 -0.23399
10 14.733 4.03997 0.169936
11 13.9549 0.781989 -0.243816
12 11.5577 10.3707 -0.569064
13 11.4331 10.3118 -0.729623
14 13.8858 9.40293 0.050553
15 11.8246 10.0856 -0.256818
16 15.2694 1.51366 -0.437917
17 14.311 2.34881 -0.29858
18 15.5681 11.6801 0.0179414
19 8.63594 17.1048 -0.35612
20 15.2568 3.11976 -0.227946
21 15.5162 8.16954 0.49924
22 14.4633 4.31817 -0.235826
23 14.0885 8.6891 0.314066
24 14.3471 9.81985 0.144545
25 15.9526 3.18483 -0.256377
26 10.3981 9.22636 -0.21611
27 12.7205 12.6495 -0.00905205
28 14.6607 1.5721 -0.0610425
29 10.3999 9.52821 -0.468466
30 12.768 12.2568 -0.467441
31 14.3117 8.43244 0.471012
32 13.7123 19.006 -0.242797
33 14.0713 19.827 -0.464215
34 14.4352 3.25649 -0.377656
35 12.7195 11.678 -0.276586
36 12.4098 10.2971 -0.307135
37 14.6591 1.30763 -0.0502436
38 14.7444 2.35518 0.128113
39 11.9309 9.73953 -0.557739
40 11.1473 10.0764 -0.271234
41 13.3494 12.2575 -0.0428553
42 14.5986 3.51147 -0.335514
43 14.1949 3.62261 -0.103223
44 14.4751 9.13272 0.346049
45 7.98161 19.7591 0.925791
46 13.4706 19.0895 -0.116099
47 9.95857 10.3834 -0.136602
48 12.039 9.62686 -0.490035
49 14.7124 2.61621 0.0524991
50 13.1812 12.004 -0.536124
51 14.7022 3.80387 0.12363
52 9.79408 9.88409 -0.490746
53 13.6224 18.6521 -0.275093
54 15.6132 11.0633 0.451065
55 13.58 0.077047 -0.109321
56 15.2871 19.7729 -0.385146
57 4.60675 14.8303 -0.144645
58 12.6587 11.4521 -0.469683
59 15.7581 9.51797 0.146368
60 14.2764 12.8337 -0.574451
61 12.6231 11.9536 -0.217575
62 15.1093 9.30918 0.169371
63 13.475 1.06112 -0.214542
64 14.8436 9.26427 0.545818
65 10.9016 10.8117 -0.23608
66 15.3657 0.444305 -0.662186
67 13.1327 19.211 -0.272235
68 13.3866 19.6911 -0.434242
69 15.5467 0.764906 -0.193928
70 16.2264 19.7901 -0.63589
71 14.8374 2.88368 -0.304507
72 14.4006 19.6339 -0.275815
73 13.9303 9.04417 0.15826
74 15.1956 1.51923 -0.0124372
75 14.4084 2.74644 -0.394902
76 14.0966 0.0330446 -0.405475
77 13.0862 12.0265 0.0055544
78 12.7698 13.113 -0.0226015
79 13.0383 12.836 0.028994
80 15.663 0.0435986 -0.564085
81 16.6283 10.4292 0.453336
82 11.6317 9.89827 -0.804878
83 0.846308 6.53779 1.28386
84 13.8759 19.6074 0.108341
85 14.9757 3.7133 -0.0657614
86 14.399 2.55806 -0.31141
87 16.0031 10.3652 0.582958
88 16.3155 11.053 0.369496
89 14.8404 4.50083 -0.408166
90 15.8515 3.18325 -0.335715
91 14.6171 3.90968 -0.223643
92 14.5735 9.15996 0.558562
93 14.8665 9.20243 0.0409322
94 13.91 2.00083 0.0755172
95 13.0115 13.6683 -0.114455
96 15.5322 0.709491 -0.445377
97 13.5448 19.892 -0.197928
98 14.0273 1.91733 0.012489
99 12.8956 11.889 -0.099085
