100
Particles
0 18.7081 19.4795 -0.271826
1 18.7024 19.5895 0.0478853
2 18.6728 19.6277 -0.274344
3 18.6695 19.9212 -0.15241
4 18.6746 19.1095 0.155831
5 18.6119 19.4894 -0.0142197
6 18.6437 19.5963 0.243047
7 18.75 0.411237 -0.138947
8 18.6657 19.8171 0.222468
9 18.693 19.6281 0.0494295
10 18.6637 19.7919 -0.0145486
11 18.7234 0.0726729 -0.228832
12 18.6509 19.2706 -0.0350676
13 18.7177 19.5135 0.231189
14 18.6301 0.216232 0.322335
15 18.6348 19.1024 -0.126108
16 18.6791 0.283352 -0.215928
17 18.6593 19.4179 -0.16294
18 18.6529 19.2064 -0.021999
19 18.6845 19.5363 0.272616
20 18.7407 19.7535 -0.190395
21 18.6864 19.3492 0.206911
22 18.6717 19.3581 -0.111738
23 18.6876 19.9293 0.100324
24 18.6848 19.708 -0.122296
25 18.6253 18.9255 0.313086
26 18.6947 19.324 0.12765
27 18.6331 19.359 -0.0930164
28 18.6591 19.8719 0.139481
29 18.7236 19.9947 0.0617098
30 18.6594 19.8809 0.311861
31 18.697 19.721 -0.165504
32 18.7042 19.5097 -0.226045
33 18.6727 19.8907 0.149157
34 18.6361 19.7157 -0.300562
35 18.6347 19.6645 0.0619938
36 18.6481 18.7845 -0.230553
37 18.6344 19.3587 0.241398
38 18.6436 19.8478 -0.283081
39 18.6991 19.3777 -0.171019
40 18.6253 18.6971 0.306235
41 18.6701 19.0277 0.219074
42 18.6871 19.8009 -0.170773
43 18.7334 0.19493 0.206087
44 18.6884 19.8519 -0.0830381
45 18.7387 19.5966 -0.197299
46 18.6904 19.1762 0.289075
47 18.7379 0.46698 0.0878814
48 18.6581 18.9927 -0.160609
49 18.6987 19.8373 -0.0375766
50 18.6849 19.0892 0.208988
51 18.6596 18.8438 0.19615
52 18.7012 19.9654 0.166156
53 18.6187 19.0277 0.00723634
54 18.6423 18.6706 -0.171186
55 18.714 19.6188 0.120929
56 18.6877 18.976 -0.229766
57 18.6609 19.5557 -0.251485
58 18.7098 19.2762 -0.262517
59 18.6775 18.9515 -0.264908
60 18.6857 19.7909 -0.22163
61 18.646 19.3421 0.058499
62 18.6475 0.207647 0.291339
63 18.6731 19.8782 0.173402
64 18.6088 0.230089 0.258572
65 18.6417 19.6917 -0.139203
66 18.7256 19.2293 -0.157262
67 18.6432 0.477939 -0.229065
68 18.7033 19.3171 0.0901185
69 18.7155 19.3783 -0.0931427
70 18.7172 19.9955 0.174802
71 18.7141 0.0376253 0.133988
72 18.7291 19.4638 -0.230912
73 18.7443 19.994 0.227706
74 18.6453 19.8904 0.277508
75 18.7388 19.8727 -0.16977
76 18.7121 19.7333 -0.177704
77 18.6392 19.2083 0.322485
78 18.6731 19.4996 -0.213473
79 18.7136 19.4433 0.19301
80 18.6562 19.5924 -0.233929
81 18.7256 19.4913 -0.0278502
82 18.6964 19.2696 -0.0953461
83 18.6842 19.9189 0.140794
84 18.6634 19.003 0.107928
85 18.6935 19.494 -0.08334
86 18.6595 0.0684277 -0.257122
87 18.6654 18.8257 -0.1063
88 18.7201 19.2771 0.0474568
89 18.6392 18.9754 -0.103305
90 18.6582 18.988 -0.0888041
91 18.7035 19.6602 0.0521495
92 18.7298 19.9891 -0.296035
93 18.6411 19.7896 -0.292063
94 18.5914 19.6404 -0.284557
95 18.6807 19.4921 0.0377323
96 18.699 19.0916 -0.0668521
97 18.6664 0.167282 0.294035
98 18.681 19.6252 0.132263
99 18.6733 19.5655 0.0192888
