100
Particles
0 14.1615 11.4566 -0.11937
1 14.0176 12.7882 -0.0222025
2 14.3328 11.2067 -0.0321402
3 15.9742 2.96391 -0.25418
4 13.3586 9.95589 -0.236653
5 14.3994 13.3673 -0.437932
6 13.9838 13.1757 -0.0478361
7 1.32776 6.85647 1.02819
8 1.30208 6.93114 1.20153
9 15.3159 19.7839 -0.0234058
10 15.9526 3.90871 0.0825536
11 15.1302 0.409096 -0.397903
12 12.6445 9.78917 -0.578287
13 12.5557 9.78237 -0.55033
14 15.0818 9.66422 -0.00118319
15 12.9095 9.52097 -0.327105
16 16.5021 1.66681 0.225989
17 15.5431 2.33257 0.158574
18 16.7952 11.6846 -0.218991
19 9.682 16.4677 -0.274586
20 16.4737 2.90169 -0.308359
21 16.6436 8.68074 0.252534
22 15.6925 4.23063 0.0284624
23 15.2819 8.95595 0.407914
24 15.5694 9.88398 0.459882
25 17.1668 2.99414 0.0915964
26 11.4552 8.60588 -0.651602
27 13.9434 12.5268 -0.0430475
28 15.8937 1.50927 -0.00740659
29 11.4954 8.96444 -0.726594
30 13.998 12.0966 -0.312474
31 15.5467 8.54444 -0.00738059
32 14.9092 18.7054 -0.487955
33 15.2595 19.4985 -0.258766
34 15.6454 2.95876 -0.342218
35 13.9126 11.3774 -0.383644
36 13.5337 9.8209 -0.0871228
37 15.8888 1.26123 0.180608
38 15.9871 2.3963 0.198607
39 13.0305 9.17249 -0.686965
40 12.2614 9.57112 -0.563485
41 14.5647 12.033 -0.112753
42 15.8175 3.31912 -0.0589747
43 15.3972 3.31695 -0.0189241
44 15.7127 9.25229 0.0995446
45 8.94771 0.524392 0.586608
46 14.669 18.8899 -0.00770828
47 11.0602 9.81773 -0.264992
48 13.1765 9.15572 -0.321779
49 15.9229 2.39861 -0.104508
50 14.3933 11.7318 -0.132648
51 15.8924 3.44488 -0.178299
52 10.7743 9.11309 -0.652192
53 14.8207 18.3333 -0.319153
54 16.8528 11.0858 0.115052
55 14.7624 19.7377 -0.041542
56 16.3094 19.1001 -0.724888
57 5.85159 14.8119 -0.0504815
58 13.8852 11.2399 -0.215829
59 16.9413 9.87732 0.0576766
60 15.4015 12.699 0.440754
61 13.8586 11.8168 -0.0478915
62 16.2879 9.68481 0.298004
63 14.6731 0.735059 -0.0548092
64 16.0401 9.57411 0.203534
65 12.0883 10.4395 -0.394669
66 16.4605 19.8678 -0.603113
67 14.3318 18.8779 -0.405527
68 14.5896 19.3978 -0.283055
69 16.5529 0.031621 -0.781119
70 17.3149 19.2092 -0.318005
71 16.0537 2.66537 -0.392942
72 15.6012 19.3455 0.00106012
73 15.1612 9.11998 -0.0332417
74 16.4341 1.45979 -0.214398
75 15.6089 2.47862 -0.389537
76 15.3123 19.7809 -0.201573
77 14.3069 11.921 -0.415741
78 13.9908 12.8691 -0.119815
79 14.2633 12.6325 -0.308368
80 16.6713 19.3169 -0.730345
81 17.7586 10.935 0.379703
82 12.6816 9.24307 -0.644782
83 1.28204 7.69685 1.04766
84 15.0749 19.3599 -0.504735
85 16.2134 3.63637 -0.297111
86 15.6447 2.63162 -0.0310368
87 17.1701 10.7644 0.308049
88 17.5509 11.1438 -0.0769656
89 16.0543 4.32735 0.1874
90 17.0659 2.95755 -0.119467
91 15.8136 3.6139 -0.243385
92 15.7354 9.54655 0.430265
93 16.0259 9.64295 0.252423
94 15.1035 1.71212 -0.270209
95 14.2459 13.537 -0.14312
96 16.6661 0.200952 -0.436401
97 14.7772 19.743 -0.286852
98 15.2454 1.75224 0.134079
99 14.0908 11.6189 -0.216647
