100
Particles
0 15.3695 11.2468 -0.0867623
1 15.2299 12.5461 -0.386492
2 15.4902 10.8018 -0.606007
3 17.1691 2.65249 -0.116925
4 14.5406 9.63604 -0.57974
5 15.6433 13.2713 -0.0144218
6 15.1895 12.9403 0.128455
7 1.99424 7.91244 1.07821
8 2.05611 7.90837 0.852914
9 16.5309 19.5787 -0.382214
10 17.1685 3.82211 0.0797831
11 16.3512 0.316287 0.184008
12 13.8162 9.37362 -0.396648
13 13.7454 9.43641 -0.0218562
14 16.3097 9.80918 -0.00741877
15 14.0745 9.12955 -0.226683
16 17.7399 1.75273 0.172186
17 16.7305 2.0237 -0.429161
18 18.0261 11.4761 -0.2241
19 10.9049 16.5274 0.350753
20 17.6992 2.71205 -0.198908
21 17.7637 9.17724 0.409158
22 16.9223 4.10907 -0.0846706
23 16.4911 9.23259 0.257879
24 16.7716 10.1228 -0.0125931
25 18.4019 2.87219 0.0501742
26 12.375 7.78783 -0.523685
27 15.1447 12.2326 -0.197444
28 17.1264 1.49818 -0.291576
29 12.5097 8.24425 -0.644761
30 15.189 11.8338 -0.316116
31 16.7639 8.77266 0.335249
32 16.1531 18.6434 0.078986
33 16.4798 19.4105 -0.370327
34 16.873 2.8358 -0.154655
35 15.1103 11.0537 -0.363679
36 14.713 9.48663 0.0316361
37 17.0958 0.999729 -0.296134
38 17.1798 2.12294 -0.260507
39 14.2276 8.84481 -0.207086
40 13.4056 9.11795 -0.550085
41 15.7332 11.6831 0.0257542
42 17.0449 3.11852 -0.340753
43 16.6303 3.18355 -0.0989503
44 16.9074 9.5008 -0.0985862
45 9.85176 1.37936 0.859132
46 15.9068 18.943 -0.174198
47 12.1203 9.17084 -0.647205
48 14.2956 8.6496 -0.484532
49 17.1559 2.3608 -0.0447397
50 15.5365 11.2485 -0.49704
51 17.1169 3.36262 -0.0663389
52 11.7848 8.42037 -0.795712
53 16.0374 18.1412 0.164209
54 18.085 11.2313 0.317609
55 15.9357 19.3329 -0.136487
56 17.3048 18.3628 -0.544528
57 7.05626 14.5011 -0.270654
58 15.1014 11.0015 -0.0902839
59 18.0774 10.3684 0.453811
60 16.6105 12.9843 0.225782
61 15.0695 11.5888 -0.421223
62 17.4427 10.1461 0.374696
63 15.8898 0.705976 0.0292543
64 17.2208 9.96766 0.260079
65 13.2835 10.1169 -0.309909
66 17.5155 19.2322 -0.309228
67 15.493 18.427 -0.298454
68 15.8266 19.3829 -0.067984
69 17.4468 19.1664 -0.630412
70 18.2534 18.4132 -0.478714
71 17.2674 2.40525 -0.0821417
72 16.7776 18.9339 -0.384078
73 16.3575 9.36308 -0.0653531
74 17.6643 1.50096 -0.0215783
75 16.8485 2.37993 -0.0210952
76 16.5259 19.6204 -0.340771
77 15.506 11.634 -0.262012
78 15.2214 12.7686 -0.0698965
79 15.4894 12.5061 0.122342
80 17.7205 18.701 -0.29553
81 18.9968 10.9152 0.0386652
82 13.8527 8.93609 -0.199687
83 1.99207 8.70321 0.962745
84 16.3063 19.4121 0.0100686
85 17.4368 3.56125 -0.0206628
86 16.8673 2.49907 -0.130982
87 18.397 10.8497 0.233693
88 18.7913 11.2271 0.0924901
89 17.2835 4.26483 -0.128137
90 18.288 2.82569 -0.286299
91 17.0456 3.55512 -0.112556
92 16.8484 10.0591 0.538179
93 17.2083 9.9857 0.136702
94 16.3247 1.53018 -0.376585
95 15.452 13.2745 0.0822183
96 17.6259 19.4165 -0.759249
97 16.0026 19.7065 0.192754
98 16.471 1.52935 -0.218004
99 15.2884 11.3094 -0.0365979
