100
Particles
0 16.5958 11.1023 -0.193757
1 16.46 12.6441 0.294289
2 16.6706 10.4168 -0.513708
3 18.3748 2.42864 -0.0651235
4 15.7832 9.55521 -0.0379085
5 16.864 13.2079 -0.328834
6 16.421 13.0049 -0.189248
7 2.81641 8.82809 0.940783
8 2.67623 8.98535 1.19153
9 17.7532 19.459 0.105475
10 18.3697 3.49286 -0.279845
11 17.553 0.00159072 -0.163405
12 15.0416 9.25206 0.115395
13 14.9559 9.14312 -0.319126
14 17.5235 9.92648 -0.197989
15 15.3031 8.97483 0.0126764
16 18.9729 1.79029 0.24246
17 17.9577 1.96003 0.199162
18 19.2649 11.4363 0.0119489
19 12.128 16.7359 0.215286
20 18.9332 2.69246 -0.117156
21 18.944 9.58543 0.344606
22 18.1349 3.84433 -0.291895
23 17.6917 9.37427 -0.000559589
24 17.9773 10.3871 0.351971
25 19.6318 2.81169 0.198402
26 13.3117 6.97634 -0.737174
27 16.3768 12.3111 0.131462
28 18.3591 1.53967 0.297207
29 13.5621 7.59291 -0.551529
30 16.4286 11.8208 -0.0996942
31 17.9753 8.94328 -0.0922209
32 17.4004 18.6146 -0.10385
33 17.6909 19.1841 -0.210509
34 18.1096 2.95185 0.203815
35 16.3419 10.9536 -0.317786
36 15.9209 9.20449 -0.305469
37 18.2481 0.597114 0.08808
38 18.4228 2.21008 0.0139887
39 15.43 8.64306 -0.331489
40 14.5993 8.76044 -0.296341
41 16.9389 11.4586 0.0753257
42 18.2821 3.21832 0.0302131
43 17.8659 3.11639 0.0286901
44 18.11 9.71959 0.279134
45 10.5137 2.41503 1.29526
46 17.1355 18.7759 -0.0565092
47 13.0797 8.41159 -0.571082
48 15.4352 8.1703 -0.125206
49 18.3949 2.39877 -0.0612307
50 16.7486 11.0613 -0.427003
51 18.3529 3.22846 0.0469662
52 12.7558 7.64033 -0.622664
53 17.2754 18.0267 -0.0577891
54 19.3081 11.3643 -0.0615279
55 17.1623 19.1765 -0.0778495
56 18.4523 17.9444 -0.069735
57 8.20816 14.0176 -0.38594
58 16.2655 10.578 -0.482657
59 19.2786 10.6271 0.00106071
60 17.8446 13.1329 0.147235
61 16.2685 11.334 0.0586307
62 18.6642 10.2913 -0.0798637
63 17.1267 0.806624 0.116643
64 18.4103 10.2779 0.285725
65 14.4964 9.96778 0.176961
66 18.6475 18.7605 -0.188593
67 16.7293 18.3135 -0.0641103
68 17.0504 19.3304 0.217783
69 18.589 18.6883 -0.632702
70 19.2867 17.7163 -0.58312
71 18.4824 2.50034 0.293981
72 17.977 18.6736 0.0170608
73 17.591 9.46231 0.258941
74 18.9106 1.48273 -0.0828086
75 18.0621 2.36703 0.31778
76 17.7653 19.6828 0.0656193
77 16.752 11.6331 -0.126331
78 16.4648 12.7796 -0.0867468
79 16.7241 12.4108 0.0439056
80 18.8763 18.2786 -0.64967
81 0.225638 11.0146 0.395509
82 15.0587 8.71114 0.102975
83 2.70143 9.69425 0.692395
84 17.518 19.1985 -0.161383
85 18.6608 3.45292 0.261406
86 18.0853 2.66026 0.267238
87 19.64 10.9236 -0.0212646
88 0.0211388 11.2177 -0.0255931
89 18.4956 4.02037 -0.217704
90 19.5266 2.8416 -0.0205739
91 18.289 3.46181 -0.128822
92 18.0665 10.2853 0.358753
93 18.4014 10.281 0.426328
94 17.5322 1.40234 0.268694
95 16.6863 13.2754 -0.272916
96 18.7153 18.8678 -0.103774
97 17.243 19.7563 -0.134591
98 17.6719 1.43916 0.264111
99 16.5289 11.2075 -0.020656
