100
Particles
0 17.7605 10.6797 -0.487216
1 17.676 12.5741 -0.293337
2 17.9021 10.3113 0.0628803
3 19.5972 2.54234 0.0046067
4 16.9884 9.4164 -0.00946713
5 18.09 13.1185 -0.00127416
6 17.6599 13.0216 -0.00847233
7 3.14192 10.0213 1.10615
8 3.2751 10.0747 1.16193
9 18.9769 19.589 0.339139
10 19.6112 3.4849 -0.0994283
11 18.7839 0.0479888 -0.220475
12 16.266 9.36689 0.404984
13 16.1738 9.04211 -0.0360486
14 18.7223 10.17 0.0659774
15 16.501 8.9981 0.345787
16 0.198825 1.94994 0.325178
17 19.1425 2.31395 0.431492
18 0.475238 11.3391 -0.494738
19 12.9945 17.6008 1.05923
20 0.149294 2.83358 0.36506
21 0.157681 9.71407 -0.0505967
22 19.3395 3.97987 0.345406
23 18.9177 9.47915 -0.130904
24 19.1671 10.6265 0.259954
25 0.852536 2.59356 -0.346252
26 14.3496 6.31186 -0.781321
27 17.5936 12.1319 -0.15983
28 19.5986 1.54878 -0.0292878
29 14.5482 6.86309 -0.768911
30 17.6285 11.605 -0.516648
31 19.2019 8.92441 0.212368
32 18.6287 18.7831 0.0157487
33 18.9112 19.3481 0.329169
34 19.3473 3.11209 0.133852
35 17.5623 10.7665 -0.0205408
36 17.1528 9.08258 -0.0777001
37 19.4544 0.826659 -0.0990899
38 19.655 2.29448 -0.0214038
39 16.6659 8.64699 0.189951
40 15.8249 8.89668 0.157857
41 18.1144 11.071 -0.193676
42 19.5072 3.41172 0.246649
43 19.0773 3.20008 -0.121228
44 19.3461 9.62491 -0.0892626
45 10.9105 3.59597 1.26817
46 18.3408 18.9748 0.331217
47 14.0212 7.59443 -0.736212
48 16.6737 8.22883 -0.0126335
49 19.6228 2.6021 0.066884
50 17.9106 10.673 0.0218859
51 19.5778 3.37499 0.334575
52 13.7675 6.93167 -0.734408
53 18.498 18.0623 0.324994
54 0.515711 11.2044 -0.285353
55 18.4063 19.2794 0.0154746
56 19.6319 17.5532 -0.285047
57 9.44645 14.0337 0.0663603
58 17.4398 10.2202 -0.122302
59 0.521129 10.5153 -0.138885
60 19.0365 12.8177 0.0196575
61 17.4569 10.9589 -0.185075
62 19.9068 10.2223 -0.191409
63 18.3699 0.805056 -0.114674
64 19.6354 10.3922 -0.228562
65 15.5734 10.5722 0.750601
66 19.7969 18.2929 -0.213647
67 17.9605 18.2819 0.246821
68 18.2724 19.4876 0.211335
69 19.7756 18.3146 -0.310888
70 0.459517 17.3804 -0.150741
71 19.7095 2.67568 -0.0870258
72 19.2155 18.5394 -0.188828
73 18.8186 9.54436 0.226571
74 0.135336 1.57958 0.161357
75 19.3051 2.4398 0.0795278
76 19.0009 19.7574 0.225145
77 17.9681 11.3598 -0.258554
78 17.6913 12.816 -0.0417135
79 17.9496 12.3448 0.211273
80 0.0008495 17.7612 -0.417985
81 1.43357 10.8072 -0.405779
82 16.3048 8.71503 -0.0950358
83 3.18769 10.8268 1.41786
84 18.7569 19.1281 -0.177537
85 19.9059 3.50592 0.0534794
86 19.2968 2.88811 0.0742268
87 0.877686 10.9093 0.0598031
88 1.25192 11.075 -0.0699635
89 19.7414 4.00998 0.0795286
90 0.743982 2.92343 -0.260938
91 19.4785 3.71298 0.496619
92 19.2918 10.3959 0.265757
93 19.6354 10.3591 0.15465
94 18.7287 1.69106 0.212971
95 17.916 13.3687 0.209447
96 19.9293 18.6582 -0.164937
97 18.478 19.8522 0.13824
98 18.8699 1.75016 0.176913
99 17.6978 10.798 -0.09196
