100
Particles
0 18.9483 10.3417 -0.293308
1 18.9113 12.463 -0.232223
2 19.1088 10.0614 -0.00159664
3 0.779318 2.83813 0.420772
4 18.223 9.47678 -0.0547766
5 19.3234 12.9794 -0.0808608
6 18.8552 12.7134 -0.449376
7 3.51106 11.1904 0.988204
8 3.74423 11.2204 1.17072
9 0.205229 19.662 -0.0317893
10 0.841035 3.55663 -0.0338314
11 19.9912 0.304203 0.472874
12 17.5026 9.23468 0.0114755
13 17.4028 9.12211 0.0648097
14 19.9539 10.2021 0.0778128
15 17.691 9.36611 0.16885
16 1.42738 2.05714 -0.0445529
17 0.310743 2.73645 0.554361
18 1.70665 11.2577 0.071725
19 13.5861 18.6961 1.08618
20 1.39606 2.88639 -0.016922
21 1.37103 9.49541 -0.334999
22 0.552147 4.13616 0.283301
23 0.133403 9.46324 0.185677
24 0.39024 10.5905 -0.0958699
25 2.07392 2.56738 -0.316993
26 15.474 5.77937 -0.251609
27 18.7832 11.7886 -0.0523767
28 0.843192 1.55273 0.0904016
29 15.6274 6.28649 -0.137494
30 18.8674 11.545 0.0690247
31 0.436333 8.83785 0.0149138
32 19.809 19.1358 0.0413414
33 0.153925 19.4352 -0.00170249
34 0.517083 3.52403 0.475932
35 18.7903 10.6968 0.0558988
36 18.3726 9.26983 -0.135488
37 0.676527 1.0698 0.347201
38 0.836901 2.63853 0.134884
39 17.9076 8.58182 0.010499
40 17.0488 8.98123 0.141852
41 19.3246 10.997 0.209318
42 0.733697 3.5304 0.346235
43 0.271033 3.49739 0.452044
44 0.560441 9.55888 0.0793668
45 11.2479 4.79572 1.33381
46 19.5445 19.2793 0.276469
47 15.0939 6.99757 -0.409108
48 17.9052 8.30107 -0.163729
49 0.829292 2.81688 0.242077
50 19.1445 10.6539 0.144859
51 0.797632 3.51358 0.250661
52 14.8792 6.39332 -0.389115
53 19.6936 18.3961 0.266015
54 1.72653 11.11 0.191565
55 19.5712 19.6782 0.388957
56 0.85572 17.3539 -0.000241322
57 10.6788 14.0023 -0.0879894
58 18.6752 10.1226 -0.133127
59 1.76061 10.4934 0.150046
60 0.253902 12.6245 -0.0293144
61 18.6596 10.6915 -0.255848
62 1.12319 10.2444 -0.150555
63 19.6085 0.957724 0.0778324
64 0.865312 10.2321 -0.313249
65 16.457 11.4443 0.782854
66 1.0045 18.0683 0.070208
67 19.1492 18.5365 -0.110899
68 19.4984 19.5166 0.060179
69 0.990251 18.1128 -0.0587575
70 1.67433 17.1009 -0.330579
71 0.900537 2.99872 0.498296
72 0.440524 18.5355 0.0377275
73 0.0471421 9.40507 -0.159213
74 1.36611 1.51879 -0.219135
75 0.516993 2.64178 0.30862
76 0.189701 19.992 -0.0539658
77 19.1747 11.1052 0.0500599
78 18.8967 12.5732 -0.281347
79 19.1605 12.0698 -0.273395
80 1.21014 17.5041 -0.352734
81 2.65575 10.6382 -0.118981
82 17.5442 8.63601 -0.171125
83 3.76003 11.9302 1.00691
84 19.9725 19.3546 0.0359211
85 1.10701 3.61453 0.471726
86 0.522463 3.07111 0.162509
87 2.11115 10.8581 -0.0409991
88 2.47875 10.8636 -0.254513
89 0.959426 4.17338 0.154901
90 1.96942 2.81228 0.00205928
91 0.667933 4.05525 0.266656
92 0.517948 10.5651 0.10709
93 0.86067 10.2428 -0.234432
94 19.9576 1.91092 0.223679
95 19.1068 13.0611 -0.38442
96 1.15728 18.507 0.081101
97 19.6763 0.184568 0.458513
98 0.0970725 1.80164 0.010878
99 18.9169 10.7112 0.166612
