100
Particles
0 0.152021 10.0899 -0.297828
1 0.14113 12.4834 0.205445
2 0.329179 9.87757 -0.0895912
3 1.9739 3.16862 0.240554
4 19.4524 9.38627 -0.190288
5 0.55541 12.9891 0.11558
6 0.0711451 12.6967 -0.00182934
7 4.13794 12.2342 0.792299
8 4.43564 12.2549 1.04538
9 1.42672 19.9091 0.108123
10 2.02157 3.94394 0.464423
11 1.2115 0.364044 -0.0315447
12 18.7348 9.27896 0.0678485
13 18.6405 8.99782 -0.255727
14 1.19712 10.1958 0.0525027
15 18.9068 9.10909 -0.219235
16 2.65565 2.27167 0.142165
17 1.45858 3.1031 0.485093
18 2.91336 11.4079 0.238786
19 14.1084 19.8081 1.41187
20 2.56534 3.29241 0.428702
21 2.6057 9.34068 -0.129246
22 1.7155 4.54939 0.383913
23 1.35174 9.3092 -0.314817
24 1.61006 10.38 0.0050537
25 3.29347 2.79558 0.343565
26 16.6905 5.54007 -0.0783231
27 0.0109448 11.7887 0.108695
28 2.04118 1.84942 0.164585
29 16.7791 5.89788 -0.55229
30 0.0839646 11.3523 -0.40324
31 1.67987 8.79443 -0.0499308
32 1.03971 19.2563 0.309599
33 1.38556 19.4701 -0.242938
34 1.68693 3.89328 0.195277
35 19.9632 10.2837 -0.453029
36 19.5846 8.98079 -0.237644
37 1.84336 1.47014 0.217955
38 2.02297 2.95998 0.310109
39 19.0693 8.17305 -0.397224
40 18.288 8.87834 0.0296208
41 0.545529 10.7896 -0.367322
42 1.93317 3.81024 0.0908975
43 1.44215 3.89342 0.211484
44 1.78261 9.39189 -0.139735
45 11.6395 5.96419 1.03867
46 0.77949 19.3428 -0.00914906
47 16.2363 6.54559 -0.321167
48 19.0763 7.90093 -0.253439
49 1.98637 3.25667 0.519871
50 0.381918 10.5252 -0.0270429
51 2.00159 3.72357 0.30368
52 16.0624 6.01286 -0.402209
53 0.916407 18.4166 -0.054683
54 2.9479 11.2658 0.350622
55 0.805168 19.7212 0.102869
56 2.08384 17.2093 -0.241037
57 11.9191 14.1226 0.0755256
58 19.9199 10.018 -0.125529
59 2.9933 10.5894 0.272266
60 1.49541 12.6638 0.103289
61 19.8895 10.725 -0.138681
62 2.33862 10.1927 0.0340141
63 0.855232 0.886357 0.0110158
64 2.10074 10.2007 -0.0946456
65 17.4611 12.1794 0.561444
66 2.22393 18.0939 -0.00495529
67 0.371599 18.5133 -0.347562
68 0.732163 19.3381 -0.199622
69 2.20809 18.0324 -0.117503
70 2.87676 17.0299 0.267009
71 2.07097 3.36428 0.523983
72 1.66801 18.5203 -0.227028
73 1.26906 9.15529 -0.294309
74 2.5613 1.81457 0.0266475
75 1.69033 3.05445 0.398786
76 1.38115 0.272545 0.0141575
77 0.401387 10.9276 -0.318507
78 0.138072 12.4552 -0.00359843
79 0.383675 11.8809 -0.211921
80 2.42568 17.3277 -0.201116
81 3.86974 10.826 -0.159278
82 18.7535 8.45564 -0.116696
83 4.46701 12.9513 1.138
84 1.1801 19.6088 0.271166
85 2.33334 3.82925 0.28278
86 1.71363 3.37364 0.104968
87 3.32178 11.0844 0.421657
88 3.69548 11.0875 0.181073
89 2.14178 4.56268 0.304837
90 3.17337 3.04443 0.348981
91 1.84381 4.41895 0.565329
92 1.74424 10.4055 0.0664387
93 2.06981 10.1617 -0.410184
94 1.1628 2.21634 0.148322
95 0.338073 13.1178 0.255091
96 2.36224 18.5569 -0.165982
97 0.885699 0.42829 0.249899
98 1.28403 2.10273 0.413465
99 0.112779 10.3675 -0.466853
