100
Particles
0 1.30855 9.72554 -0.626953
1 1.36573 12.68 0.240623
2 1.48257 9.51447 -0.63443
3 3.12522 3.64659 0.430233
4 0.669274 9.19722 -0.041793
5 1.78553 13.035 0.164799
6 1.29357 12.7769 0.367838
7 4.85228 13.2245 0.98997
8 5.36125 13.0773 0.555529
9 2.65736 0.0375689 0.210525
10 3.06254 4.61336 0.642942
11 2.44642 0.387879 0.194873
12 19.938 8.9857 -0.185153
13 19.8501 8.80616 -0.158008
14 2.43709 10.082 0.0514861
15 0.129542 8.90672 -0.0560095
16 3.8562 2.58092 0.182029
17 2.59941 3.54727 0.100813
18 4.08765 11.818 0.349338
19 13.9075 1.03256 1.66801
20 3.69963 3.80444 0.473523
21 3.83939 9.28682 -0.0179144
22 2.73615 5.26019 0.520687
23 2.55631 9.10523 0.191058
24 2.8474 10.3534 -0.0444504
25 4.45719 3.22761 0.281841
26 17.8819 5.24872 -0.173581
27 1.215 11.4953 -0.0544592
28 3.28574 1.80871 0.0742569
29 17.9123 5.3958 -0.464381
30 1.23506 10.8837 -0.173572
31 2.90708 8.6099 -0.132468
32 2.26214 19.1656 0.165569
33 2.62044 19.3314 -0.16738
34 2.81429 4.40393 0.354026
35 1.17233 10.0265 -0.215761
36 0.803789 8.72675 -0.121654
37 3.08379 1.55166 0.0730242
38 3.24794 3.15755 0.243787
39 0.252003 7.82545 -0.411528
40 19.4737 8.62424 -0.508744
41 1.67369 10.2942 -0.563123
42 3.01483 4.39605 0.442689
43 2.48869 4.56362 0.669149
44 3.01338 9.44119 0.207111
45 11.989 7.15819 1.4569
46 2.00155 19.4306 0.0955516
47 17.3937 6.12771 -0.0135597
48 0.21801 7.45447 -0.607154
49 3.15112 3.68809 0.391185
50 1.51264 10.0087 -0.634338
51 3.05861 4.38365 0.545913
52 17.2125 5.56979 -0.537992
53 2.08053 18.0021 -0.463263
54 4.07061 11.7829 0.282061
55 2.04453 19.5784 -0.0779501
56 3.32318 17.1988 -0.199138
57 13.1172 13.8774 -0.548456
58 1.08963 9.62135 -0.0503736
59 4.18799 10.9171 0.0922139
60 2.68228 12.2947 -0.289112
61 1.09992 10.4615 -0.242865
62 3.57206 10.348 0.248821
63 2.09088 1.04356 0.252358
64 3.33768 10.2906 0.170891
65 18.2248 13.1407 1.04815
66 3.45789 18.1176 -0.211111
67 1.49372 17.9976 -0.485804
68 1.97403 19.2891 -0.201602
69 3.42724 17.9212 0.185496
70 4.10886 16.9862 0.0462038
71 3.28671 3.63881 0.259701
72 2.87024 18.3105 -0.371401
73 2.45185 8.79911 -0.156678
74 3.79564 1.90142 -0.0181075
75 2.78176 3.61347 0.639094
76 2.61925 0.19701 -0.0774714
77 1.53051 10.4019 -0.33744
78 1.37092 12.3006 -0.246497
79 1.5763 11.5388 -0.0948127
80 3.63307 17.4877 0.319741
81 5.02815 11.2407 0.282359
82 19.918 8.04986 -0.434714
83 5.22439 13.9308 1.03614
84 2.42229 19.6241 0.0494471
85 3.51769 4.19467 0.243056
86 2.83971 3.89861 0.540321
87 4.48635 11.5098 0.386392
88 4.88952 11.4205 0.357507
89 3.28362 4.99443 0.785193
90 4.39692 3.24536 0.36095
91 2.96512 4.91948 0.251968
92 2.97675 10.2398 -0.18565
93 3.30488 10.119 0.0983011
94 2.28643 2.72347 0.435288
95 1.5731 13.2694 0.0116743
96 3.57331 18.431 -0.18391
97 2.10638 0.464271 0.163106
98 2.45516 2.53503 0.449067
99 1.27772 9.96767 -0.398522
