100
Particles
0 2.44321 9.23398 -0.601964
1 2.60341 12.6111 -0.228582
2 2.58583 8.93889 -0.605503
3 4.25926 4.15407 0.599567
4 1.90417 9.01124 -0.115934
5 3.00645 12.9837 -0.162919
6 2.52088 12.9686 0.0187024
7 5.91153 13.8625 0.263967
8 6.37053 13.7773 0.282852
9 3.87884 0.238767 0.0863459
10 4.20456 5.09352 0.388428
11 3.66143 0.643789 0.351972
12 1.12396 8.67992 -0.162201
13 1.07528 8.65566 -0.118573
14 3.67512 10.0759 0.0012422
15 1.35869 8.85792 0.204948
16 5.00029 3.01753 0.614025
17 3.76496 3.96487 0.335148
18 5.11686 12.4965 0.583143
19 13.4946 2.19518 1.74756
20 4.8098 4.29958 0.661153
21 5.07601 9.20132 0.152843
22 3.86628 5.75082 0.649856
23 3.77717 9.29556 0.234961
24 4.05949 10.5615 -0.0703729
25 5.65659 3.40989 0.614113
26 19.0223 4.78145 -0.281859
27 2.35241 11.0568 -0.478101
28 4.42484 2.15057 0.780698
29 19.0607 4.96228 -0.651334
30 2.41603 10.4846 -0.231396
31 4.12973 8.74358 0.370856
32 3.5076 19.0985 -0.00168497
33 3.86685 19.3017 -0.15887
34 3.88268 5.02122 0.66373
35 2.37937 9.75663 -0.0994846
36 2.00314 8.47066 -0.252653
37 4.23502 1.99601 0.643986
38 4.2872 3.84067 0.75995
39 1.45004 7.56017 -0.284534
40 0.696044 8.51561 0.215592
41 2.82402 9.84315 -0.61245
42 4.15286 4.8826 0.560425
43 3.53837 5.21932 0.563998
44 4.24797 9.51489 0.104543
45 11.722 8.36845 1.92002
46 3.23684 19.3522 -0.17806
47 18.5532 5.70405 -0.243523
48 1.38555 7.10523 0.119767
49 4.25518 4.17274 0.76206
50 2.66155 9.58296 -0.601249
51 4.21269 4.81458 0.512577
52 18.274 4.96341 -0.807819
53 3.22891 17.5429 -0.453126
54 5.04824 12.4883 0.938122
55 3.28724 19.4833 -0.0497944
56 4.54648 17.0411 -0.205935
57 14.1716 13.243 -0.352386
58 2.22067 9.10141 -0.493962
59 5.2969 11.4704 0.620423
60 3.75303 11.6672 -0.617431
61 2.23804 9.98856 -0.519843
62 4.80295 10.2897 -0.207458
63 3.29049 1.36569 0.373372
64 4.57241 10.2665 -0.0998651
65 18.9288 14.1564 0.725833
66 4.66812 17.9767 -0.367898
67 2.66329 17.6196 -0.0418311
68 3.20832 19.2034 -0.21025
69 4.65897 17.9861 -0.144761
70 5.31617 16.7168 -0.263403
71 4.4119 4.1358 0.241788
72 4.06323 18.0121 0.114069
73 3.68935 8.71052 0.0729457
74 4.94927 2.32467 0.444721
75 3.86394 4.18521 0.683525
76 3.84303 0.242914 -0.213815
77 2.6289 9.8738 -0.69637
78 2.5871 12.0261 -0.286135
79 2.76976 11.2827 -0.337573
80 4.8177 17.1566 -0.435855
81 6.21902 11.6036 0.286758
82 1.15664 7.90301 -0.0740449
83 6.13207 14.7704 0.736871
84 3.65425 19.4475 -0.104231
85 4.64568 4.6802 0.484552
86 3.93207 4.49062 0.610729
87 5.5201 12.1951 0.401529
88 5.92294 12.0803 0.752752
89 4.37854 5.52269 0.542341
90 5.50432 3.78536 0.733985
91 4.12348 5.36494 0.231545
92 4.21567 10.2918 -0.0193073
93 4.54195 10.1161 -0.0566759
94 3.44643 3.14835 0.226563
95 2.79669 13.4012 0.0256015
96 4.81344 18.374 0.0698128
97 3.30554 0.651388 -0.160088
98 3.51756 3.17597 0.725408
99 2.39866 9.46043 -0.125237
