100
Particles
0 3.59077 8.75583 -0.549873
1 3.80469 12.3285 -0.360188
2 3.64775 8.29014 -0.548406
3 5.21228 4.92155 0.57612
4 3.0675 8.59833 -0.448181
5 4.21357 12.7976 -0.0252327
6 3.76151 12.9299 -0.120442
7 7.07161 14.257 0.123361
8 7.53374 14.158 0.596266
9 5.11071 0.142479 -0.00784193
10 5.17882 5.86915 0.528606
11 4.892 0.464961 -0.0331871
12 2.30034 8.43786 0.141516
13 2.28935 8.46603 0.0913925
14 4.9017 10.116 0.25038
15 2.55433 8.61166 0.00950344
16 6.05603 3.6677 0.557205
17 4.7769 4.67648 0.617833
18 6.04045 13.3215 0.741623
19 13.7932 3.3901 1.02809
20 5.76977 5.05549 1.04436
21 6.30296 9.3379 0.146774
22 4.84771 6.49508 0.80987
23 5.01946 9.32856 0.0548994
24 5.28065 10.3927 0.181785
25 6.5226 4.30099 0.763226
26 19.983 3.98499 -0.686061
27 3.46769 10.5406 -0.640529
28 5.54433 2.59591 0.45875
29 0.144843 4.39909 -0.358952
30 3.47331 9.86674 -0.179822
31 5.35914 8.65758 -0.235638
32 4.7344 19.1972 0.240534
33 5.10277 19.3714 -0.0892305
34 4.92632 5.69823 0.470346
35 3.57601 9.40189 -0.287022
36 3.19672 8.20692 0.00793246
37 5.4393 2.31269 0.208026
38 5.19776 4.66756 0.946131
39 2.60861 7.23412 -0.511273
40 1.93023 8.39613 -0.165714
41 3.90701 9.29882 -0.0706836
42 5.09938 5.66757 0.797933
43 4.50865 5.97982 0.631896
44 5.48796 9.57212 0.0725538
45 10.7703 9.06148 3.0329
46 4.46828 19.3768 0.221908
47 19.6883 5.21739 -0.544272
48 2.54497 6.67609 -0.435654
49 5.18205 4.99605 0.737858
50 3.84935 9.20518 -0.199796
51 5.22528 5.51806 0.846697
52 19.3909 4.43277 -0.654647
53 4.4569 17.5765 -0.153979
54 5.99094 13.2768 0.881693
55 4.53256 19.5025 0.0587863
56 5.75796 16.824 -0.0198502
57 15.3122 12.8833 -0.777861
58 3.41502 8.75397 -0.134645
59 6.30535 12.1928 0.624655
60 4.91903 11.3278 -0.0258344
61 3.41532 9.63743 -0.0721021
62 6.04828 10.2205 -0.0109912
63 4.48944 1.07688 -0.143782
64 5.7919 10.2671 0.212387
65 0.0659811 14.654 0.421993
66 5.89335 17.8163 -0.0477328
67 3.84855 17.4775 0.14172
68 4.44822 19.1678 -0.0490233
69 5.89445 18.0121 0.228751
70 6.53921 16.4878 -0.272031
71 5.42345 4.84818 0.491509
72 5.29714 17.993 -0.280699
73 4.92354 8.77812 0.299879
74 6.03503 2.9042 0.315824
75 4.85153 4.91267 0.48021
76 5.06317 0.0455907 -0.32901
77 3.72743 9.29916 -0.646416
78 3.69707 11.4853 -0.627858
79 3.77744 10.5458 -0.643435
80 5.98844 16.8142 0.0194508
81 7.33756 12.1452 0.379512
82 2.37007 7.69413 0.00271954
83 7.30113 15.1807 0.472786
84 4.86591 19.3008 0.28481
85 5.64777 5.39549 0.48349
86 4.92815 5.23 0.696019
87 6.49983 12.9502 0.436073
88 6.9911 12.6914 0.829013
89 5.33094 6.29747 0.547728
90 6.40635 4.62775 0.628449
91 5.20674 5.96094 0.350819
92 5.4451 10.2942 0.263219
93 5.77305 10.0634 -0.230116
94 4.45896 3.87843 0.581537
95 3.98459 13.0405 -0.451327
96 6.02754 18.1735 -0.28775
97 4.50595 0.470642 0.0594622
98 4.5046 3.91215 0.764153
99 3.56136 9.09925 -0.167669
