100
Particles
0 4.72038 8.2517 -0.580636
1 4.83261 11.6267 -0.706234
2 4.81609 7.90381 -0.366875
3 6.16631 5.69272 0.610851
4 4.25557 8.28184 -0.351295
5 5.34914 12.3039 -0.540968
6 4.84937 12.3298 -0.304985
7 8.2154 14.7534 0.507513
8 8.71914 14.5014 0.103901
9 6.33363 0.237672 -0.184659
10 6.17232 6.6148 0.555782
11 6.12565 0.529219 -0.189401
12 3.53419 8.38286 -0.235796
13 3.53458 8.44127 0.0868892
14 6.14392 10.0938 -0.00475509
15 3.76661 8.33927 -0.204232
16 7.16126 4.22636 0.545678
17 5.68993 5.52393 0.790471
18 6.96517 14.121 0.817368
19 14.2801 4.53635 1.27679
20 6.80639 5.73274 0.375868
21 7.52598 9.22476 -0.282699
22 5.84999 7.20287 0.570901
23 6.24038 9.52351 0.166866
24 6.50995 10.5024 0.0440992
25 7.44308 5.10964 0.789204
26 1.05334 3.35721 -0.697051
27 4.59476 10.0487 -0.442351
28 6.7723 2.68056 -0.109742
29 1.12718 3.66009 -0.338912
30 4.69147 9.64464 -0.158498
31 6.5807 8.78314 -0.106111
32 5.95806 19.3101 0.0471316
33 6.31751 19.5562 0.186755
34 5.93544 6.40673 0.669214
35 4.72644 8.99435 -0.50346
36 4.4251 8.04755 -0.253843
37 6.60968 2.52272 -0.247063
38 6.16518 5.44463 0.815809
39 3.83115 7.18368 0.26819
40 3.15174 8.36451 0.107488
41 5.06517 8.85726 -0.215904
42 5.91445 6.61042 0.952237
43 5.40178 6.82737 0.762861
44 6.72201 9.61304 0.0438471
45 9.55164 9.11352 2.71636
46 5.69537 19.3506 0.347801
47 0.813524 4.69761 -0.676722
48 3.74559 6.68004 0.345518
49 6.07003 5.85548 0.612519
50 5.02174 8.83373 -0.426573
51 6.21863 6.25292 0.596721
52 0.491258 3.86444 -0.58865
53 5.64183 17.2252 -0.167643
54 7.06671 13.9112 0.546676
55 5.71966 19.7608 0.392061
56 6.97712 16.6702 -0.00253898
57 16.3538 12.2351 -0.366406
58 4.65011 8.60952 -0.276681
59 7.40529 12.7427 0.340064
60 6.12102 11.0089 -0.273398
61 4.60333 9.30725 -0.550271
62 7.28304 10.2782 -0.24342
63 5.70423 1.16407 -0.016058
64 7.01846 10.3471 0.347354
65 1.19514 15.1445 0.387131
66 7.11723 17.8357 0.316328
67 5.01257 17.0777 -0.152096
68 5.68975 19.2493 -0.0839967
69 7.10726 18.1314 0.39604
70 7.76577 16.3959 0.191725
71 6.3639 5.63674 0.370724
72 6.52089 18.1648 0.362388
73 6.14708 8.9382 -0.112139
74 7.24684 3.0558 -0.0526311
75 5.87826 5.61778 0.560491
76 6.28465 0.128411 0.206906
77 4.88892 8.84862 -0.418455
78 4.79834 10.9357 -0.223919
79 4.95993 10.1966 -0.364892
80 7.19898 16.5315 -0.273522
81 8.47697 12.6261 0.264739
82 3.61437 7.80297 0.047587
83 8.43698 15.632 -0.0227502
84 6.10151 19.3952 0.192015
85 6.62799 6.14487 0.787814
86 6.02793 5.82091 0.464879
87 7.5168 13.655 0.53183
88 8.11178 13.2257 0.333922
89 6.35299 6.9718 0.430275
90 7.28755 5.50666 0.787271
91 6.20071 6.68354 0.512838
92 6.66853 10.4238 0.286862
93 7.01248 10.1775 0.0409149
94 5.61683 4.33156 0.252614
95 5.07226 12.4675 -0.664015
96 7.26039 18.1009 -0.199988
97 5.74183 0.536501 0.229065
98 5.53098 4.61819 0.567045
99 4.76069 8.7974 -0.187795
