100
Particles
0 19.9321 19.3263 0.134379
1 19.91 19.4315 -0.121014
2 19.9049 19.5722 -0.287639
3 19.9006 0.0158506 0.166673
4 19.8989 19.002 -0.0645292
5 19.8514 19.5734 -0.0593642
6 19.8878 19.4957 -0.015758
7 19.9959 0.371169 0.0268853
8 19.8984 19.8999 0.184588
9 19.9125 19.3886 -0.183436
10 19.8996 19.9565 0.103231
11 19.9551 19.9561 0.170409
12 19.8875 19.3511 0.0823307
13 19.956 19.4674 0.0918842
14 19.8628 0.0611665 -0.217832
15 19.8676 18.951 -0.14032
16 19.9122 0.17859 -0.0510044
17 19.8914 19.4621 0.15911
18 19.8765 18.9713 -0.331655
19 19.9023 19.4039 -0.26585
20 19.9455 19.6322 -0.380647
21 19.9206 19.2083 -0.0951116
22 19.9027 19.3716 -0.251967
23 19.9138 19.6924 -0.178792
24 19.9161 19.7525 -0.140494
25 19.8181 18.8018 -0.401296
26 19.9348 19.406 0.0426198
27 19.8589 19.4123 -0.180137
28 19.8814 19.8803 -0.287102
29 19.9583 0.145243 0.23678
30 19.8878 19.8458 -0.274618
31 19.9371 19.7863 0.0297022
32 19.948 19.5154 0.0693796
33 19.9057 19.8183 0.0418253
34 19.8629 19.604 -0.0301759
35 19.8466 19.6258 -0.374738
36 19.8762 18.6939 -0.118369
37 19.861 19.2152 -0.379355
38 19.8651 19.808 -0.25122
39 19.9144 19.2437 -0.230687
40 19.8714 18.7221 0.142899
41 19.8948 19.1533 0.213976
42 19.9166 19.7689 -0.380167
43 19.9624 0.140902 -0.177375
44 19.9321 19.8029 -0.141284
45 19.9709 19.5868 0.0252061
46 19.9274 19.0046 -0.1538
47 19.9718 0.589242 0.120387
48 19.8938 18.9833 0.0451115
49 19.9413 19.8017 -0.0597212
50 19.9276 19.047 -0.122741
51 19.896 18.9975 0.0179355
52 19.9305 19.9079 -0.102127
53 19.843 18.983 0.0204699
54 19.8484 18.4228 -0.149411
55 19.9311 19.4631 -0.182695
56 19.9149 18.818 0.0827838
57 19.8926 19.7116 0.112737
58 19.9241 19.2183 -0.293139
59 19.9122 19.0122 -0.156595
60 19.8992 19.5059 -0.253183
61 19.8892 19.3892 0.104795
62 19.8709 0.136167 -0.110976
63 19.8919 19.8343 0.135704
64 19.8359 0.376068 0.234789
65 19.8805 19.6336 0.0649489
66 19.955 19.39 0.0852656
67 19.8747 0.390744 0.207143
68 19.9205 19.2732 0.198908
69 19.9338 19.2904 -0.00187531
70 19.9361 19.9963 -0.274983
71 19.9571 0.0633524 0.220124
72 19.9396 19.3791 -0.358152
73 19.9623 19.9126 -0.0214016
74 19.882 19.8513 -0.253985
75 19.9527 19.621 -0.168909
76 19.949 19.758 0.202708
77 19.8742 19.1786 0.0946908
78 19.9045 19.3068 -0.0898507
79 19.9348 19.3143 0.040273
80 19.8736 19.324 -0.301354
81 19.9393 19.3124 0.0057681
82 19.9326 19.2673 0.101615
83 19.9161 19.8183 -0.216413
84 19.8883 19.0276 0.122337
85 19.9337 19.4728 -0.162594
86 19.8656 19.9377 0.0723915
87 19.9063 18.9512 0.0131405
88 19.9572 19.1535 -0.0500004
89 19.8555 18.8079 -0.332658
90 19.8846 18.9653 0.144016
91 19.9409 19.7597 0.0575345
92 19.9584 19.8581 0.13461
93 19.8862 19.8296 0.0959397
94 19.813 19.7154 0.130816
95 19.9083 19.3756 0.133816
96 19.9086 18.7862 -0.287606
97 19.8938 19.9895 -0.262721
98 19.9111 19.4521 -0.347569
99 19.8943 19.7485 -0.011765
