100
Particles
0 5.92893 7.96433 -0.0889584
1 5.8177 10.8982 -0.884384
2 5.97557 7.50193 -0.189275
3 7.25782 6.28417 0.64284
4 5.45486 7.93653 -0.241271
5 6.37078 11.6391 -0.508403
6 5.84099 11.5948 -0.813741
7 9.38497 15.1854 0.418538
8 9.78533 15.1359 0.45479
9 7.54909 0.408971 0.134763
10 7.17577 7.31719 0.784943
11 7.34385 0.629329 0.493381
12 4.70158 8.03947 -0.556799
13 4.73109 8.21098 -0.57801
14 7.37521 10.1332 0.0283554
15 4.9351 7.9285 -0.490779
16 8.19758 4.9082 0.566415
17 6.75832 6.13877 0.234086
18 8.09092 14.4076 -0.154486
19 14.8907 5.61592 1.07519
20 7.8947 6.33387 0.48906
21 8.69033 9.35051 0.734001
22 6.89296 7.87812 0.669121
23 7.47146 9.45871 0.202427
24 7.74611 10.4842 0.17315
25 8.2584 6.04288 0.793699
26 2.22821 2.99586 -0.255065
27 5.82662 9.8566 -0.202183
28 7.96233 2.34787 -0.405263
29 2.2752 3.19871 -0.579079
30 5.85516 9.22979 -0.215216
31 7.7793 8.55052 -0.438023
32 7.16109 19.5197 -0.0675458
33 7.55501 19.4724 0.112921
34 6.95311 7.10449 0.773565
35 5.93633 8.71216 -0.27642
36 5.63795 7.75424 -0.31649
37 7.76914 2.17095 -0.644673
38 7.24326 6.03326 0.619407
39 5.06639 7.16164 -0.0113969
40 4.35423 8.15888 -0.296337
41 6.17682 8.31774 -0.29773
42 6.95171 7.28831 0.702917
43 6.46675 7.44828 0.425919
44 7.95004 9.70739 -0.215031
45 9.16102 9.76628 0.566279
46 6.8953 19.6316 -0.060899
47 1.83694 4.03276 -0.338733
48 4.91321 6.81976 -0.0483699
49 7.10035 6.5065 0.382127
50 6.13588 8.30116 -0.170083
51 7.20071 6.98926 0.376134
52 1.59533 3.33829 -0.533108
53 6.86715 17.0661 -0.259321
54 8.252 14.2784 0.136383
55 6.95594 19.7926 -0.119696
56 8.2063 16.4971 -0.0883561
57 17.5229 11.8095 -0.320997
58 5.7022 7.94468 -0.557446
59 8.60087 13.0897 0.444211
60 7.35218 11.155 0.133679
61 5.74775 8.82673 -0.39272
62 8.50737 10.2116 -0.153975
63 6.93102 1.1801 0.0946757
64 8.23243 10.4217 0.305
65 2.25186 15.7913 0.69925
66 8.34383 18.0472 0.129219
67 6.23818 17.038 -0.275682
68 6.85688 19.6527 0.499895
69 8.34392 18.2554 -0.0148805
70 9.00748 16.4831 0.180053
71 7.47047 6.1751 0.249996
72 7.72886 18.3927 0.127617
73 7.3352 8.6702 -0.522876
74 8.46023 2.75915 -0.29979
75 6.9828 6.19317 0.434951
76 7.49001 0.282483 -0.050527
77 6.05841 8.47901 -0.0768714
78 5.8727 10.3038 -0.480243
79 6.079 9.65751 -0.558885
80 8.42519 16.3735 0.0223284
81 9.57897 13.1928 0.333361
82 4.83334 7.59644 0.0118492
83 9.60272 15.9708 0.375381
84 7.3192 19.6509 0.319457
85 7.71378 6.74846 0.522141
86 7.07434 6.49888 0.546103
87 8.72943 13.7671 -0.230658
88 9.33109 13.4385 0.25506
89 7.43244 7.58019 0.404367
90 8.17644 6.36853 0.608786
91 7.21926 7.39336 0.43743
92 7.90056 10.4848 0.237477
93 8.2472 10.0316 -0.0836961
94 6.86011 4.38447 -0.0769783
95 6.09105 11.7887 -0.798757
96 8.4403 18.3989 0.253332
97 6.94485 0.78966 -0.0042318
98 6.72485 4.96934 0.229828
99 5.86907 8.26464 -0.178493
