100
Particles
0 7.16558 7.89278 -0.239381
1 6.75307 10.1106 -0.750075
2 7.20065 7.56196 0.364545
3 8.35981 6.82101 0.359377
4 6.66035 7.66368 -0.298228
5 7.24089 10.7564 -0.725702
6 6.81842 10.8482 -0.779657
7 10.5029 15.7229 0.372012
8 10.9618 15.4559 0.690612
9 8.78466 0.515423 0.0826935
10 8.23723 7.9468 0.413635
11 8.57459 0.611865 0.0773394
12 5.89561 7.74749 0.0427025
13 5.92771 7.88504 -0.290627
14 8.59764 10.2577 0.296526
15 6.06991 7.4581 -0.323079
16 9.39888 5.02734 -0.307054
17 7.83635 6.74234 0.674657
18 9.31276 14.1827 -0.111575
19 15.407 6.739 1.20909
20 9.03814 6.80966 0.380287
21 9.91656 9.30391 -0.257474
22 8.1389 7.94939 0.0841244
23 8.66401 9.53929 0.0535782
24 8.97986 10.4068 -0.122053
25 9.36772 6.59112 0.313744
26 3.36177 2.48957 -0.646105
27 6.91997 9.31555 -0.187289
28 9.10531 1.90778 -0.488131
29 3.41563 2.71026 -0.250448
30 7.0666 8.98759 -0.181211
31 9.0124 8.71646 0.0943605
32 8.39712 19.5578 0.0807527
33 8.76636 19.7462 0.352528
34 8.06654 7.6403 0.626948
35 7.13555 8.40146 -0.338933
36 6.83661 7.51309 -0.062758
37 8.93209 1.72336 -0.37824
38 8.27368 6.70646 0.472973
39 6.21885 6.80749 0.120433
40 5.42254 7.52536 -0.477648
41 7.38401 8.11171 -0.141666
42 8.1076 7.69052 0.0675205
43 7.66475 7.68443 -0.0583342
44 9.18126 9.79742 -0.241452
45 10.3976 9.73763 -0.147904
46 8.10681 19.8547 0.407931
47 2.9089 3.4323 -0.498128
48 6.11392 6.50826 -0.481114
49 8.18413 7.08289 0.37252
50 7.36099 8.27158 0.161351
51 8.2184 7.70424 0.575672
52 2.66928 2.7335 -0.68974
53 7.89311 16.382 -0.602275
54 9.48427 14.1955 0.133854
55 8.15236 0.00197004 0.122379
56 9.4314 16.6528 0.23467
57 18.553 11.1185 -0.692314
58 6.91768 7.77178 0.0866539
59 9.78725 13.3082 -0.325917
60 8.57306 10.9048 -0.206555
61 6.95694 8.57171 -0.114221
62 9.7258 10.2896 0.301364
63 8.16138 1.18151 -0.28151
64 9.47548 10.4881 -0.0401715
65 3.41426 16.1949 0.0185319
66 9.56316 17.9837 0.145262
67 7.3132 16.4441 -0.691274
68 8.08372 19.6785 0.189957
69 9.58122 18.2752 -0.0837301
70 10.2012 16.8044 -0.00180339
71 8.55914 6.7333 0.744587
72 8.95998 18.4879 -0.134299
73 8.51093 8.93521 0.408343
74 9.60172 2.32309 -0.512816
75 8.08759 6.71535 0.759834
76 8.72667 0.367532 0.146304
77 7.25939 8.17384 -0.289814
78 6.99003 9.78755 -0.301018
79 7.26435 9.26427 -0.305157
80 9.64226 16.6033 0.334542
81 10.7934 13.4326 0.060173
82 5.966 7.11096 -0.493102
83 10.7136 16.5164 0.702413
84 8.55043 19.7209 0.0463009
85 8.79603 7.35452 0.67713
86 8.20268 6.97872 0.550455
87 9.95192 13.7845 -0.296689
88 10.5416 13.6041 0.193349
89 8.52082 8.11406 0.191921
90 9.27747 6.9194 0.250598
91 8.30019 7.96217 0.608427
92 9.14286 10.5304 0.0126057
93 9.46964 10.11 0.297711
94 8.0901 4.28814 0.10184
95 7.03077 10.9984 -0.717112
96 9.67486 18.5344 0.150811
97 8.18486 0.841334 0.232152
98 7.95769 4.99098 -0.0762995
99 7.10759 8.29906 0.252974
