100
Particles
0 8.39546 7.92311 0.237093
1 7.81183 9.46003 -0.623262
2 8.44021 7.51818 0.0754246
3 9.58837 7.03986 0.269308
4 7.89792 7.66135 -0.179598
5 8.03599 9.82877 -0.456574
6 7.83154 10.1268 -0.696938
7 11.579 16.2843 0.616028
8 12.009 16.1121 0.346323
9 9.92194 1.0096 0.609504
10 9.46803 8.10833 0.20823
11 9.7659 0.978401 0.313555
12 7.10995 7.55342 -0.0311528
13 7.13848 7.65631 0.0969198
14 9.82964 10.437 0.0246524
15 7.28609 7.27225 0.122258
16 10.5633 4.63093 -0.0307639
17 9.02277 6.95983 -0.15297
18 10.4993 14.3148 0.491503
19 15.7862 7.91246 1.02709
20 10.1902 7.18926 0.0873915
21 11.143 9.3261 0.0947233
22 9.35792 8.09607 -0.0421191
23 9.86218 9.85869 0.107945
24 10.2207 10.3246 -0.104711
25 10.534 6.99366 0.0796855
26 4.23519 1.64177 -1.03703
27 8.13531 9.13833 -0.163028
28 10.2532 1.903 0.531716
29 4.29411 1.86222 -0.994339
30 8.29762 8.88507 0.0318959
31 10.2135 8.99121 0.0586234
32 9.62417 19.6991 -0.0367965
33 9.95695 0.01018 0.307897
34 9.29073 7.82438 0.256447
35 8.37148 8.33212 0.155801
36 8.05927 7.45269 0.111117
37 10.1451 1.70585 0.0949382
38 9.47708 6.90451 -0.197274
39 7.35708 6.30841 -0.564282
40 6.63261 7.36412 0.107568
41 8.60329 8.23184 0.0708136
42 9.32653 7.88736 0.00834014
43 8.86316 7.82732 -0.164871
44 10.4165 9.7601 0.211687
45 11.6248 9.78323 0.249257
46 9.33857 19.9816 0.0461091
47 3.95851 2.76843 -0.528852
48 7.23886 6.01785 -0.129065
49 9.37012 7.45397 0.292857
50 8.56139 8.32257 -0.295222
51 9.44891 7.73714 -0.0645585
52 3.53734 1.83677 -0.800654
53 8.7864 15.5487 -0.864786
54 10.7295 14.2593 0.123534
55 9.33247 0.377123 0.267298
56 10.6464 16.8922 0.0180533
57 19.3442 10.1558 -1.02455
58 8.131 7.60048 0.190545
59 10.9898 13.602 0.0333981
60 9.80097 10.8579 -0.223768
61 8.18835 8.54602 0.158887
62 10.9565 10.3307 0.238801
63 9.35445 1.51991 0.432088
64 10.7108 10.5983 0.0740078
65 4.64939 16.3662 0.0634715
66 10.7984 17.8602 0.0486118
67 8.16769 15.5429 -0.81123
68 9.31184 19.7391 0.199242
69 10.8062 18.1424 -0.177501
70 11.3688 17.1977 0.0588828
71 9.76899 6.94491 0.175119
72 10.1865 18.578 -0.0506286
73 9.74724 9.05286 0.251842
74 10.7899 2.09164 0.147547
75 9.26129 7.05795 -0.0612101
76 9.85601 0.891812 0.580051
77 8.48946 8.09825 0.221754
78 8.11357 9.29856 -0.259907
79 8.47248 8.98419 -0.00930085
80 10.8753 16.7404 0.118309
81 11.9914 13.6173 0.503718
82 7.15642 6.80727 -0.455687
83 11.8571 17.0101 0.290384
84 9.72224 0.111465 0.529459
85 9.9778 7.69682 0.0007881
86 9.42419 7.21783 0.236767
87 11.1283 14.1678 0.321915
88 11.6994 14.0252 0.590148
89 9.73813 8.22549 -0.118794
90 10.4221 7.36582 0.470362
91 9.50513 8.0839 -0.24519
92 10.3647 10.5167 -0.221414
93 10.7078 10.1972 0.121127
94 9.33199 4.35384 -0.00681303
95 7.89587 10.177 -0.320257
96 10.9061 18.46 0.121297
97 9.36834 1.19154 0.570755
98 9.19476 4.86505 -0.289867
99 8.32527 8.15978 -0.344169
