100
Particles
0 9.62358 7.81698 0.0380986
1 9.03184 9.23699 -0.316852
2 9.64816 7.32909 -0.383998
3 10.8092 7.24986 0.147932
4 9.13041 7.47035 -0.137766
5 9.19117 9.41816 -0.278261
6 8.99066 9.78093 0.0578949
7 12.8089 16.388 -0.151054
8 13.2485 16.2483 0.120553
9 11.0926 1.3885 0.293456
10 10.7008 8.20139 -0.0494564
11 10.928 1.41069 0.200716
12 8.34061 7.5941 0.169614
13 8.36428 7.65835 -0.273091
14 11.049 10.6765 0.405233
15 8.52632 7.25293 -0.0128573
16 11.6911 4.12292 -0.563987
17 10.2623 6.91989 0.123922
18 11.737 14.3612 -0.0498827
19 16.3851 8.98935 1.11486
20 11.424 7.34722 0.10877
21 12.344 9.56454 0.387355
22 10.5758 8.22895 0.18446
23 11.0591 10.1913 0.351504
24 11.4345 10.3715 -0.0766722
25 11.7515 7.23276 0.343492
26 4.82405 0.579033 -1.37018
27 9.36249 8.99399 0.00349352
28 11.2836 2.57754 0.546891
29 4.95454 0.810189 -0.987877
30 9.52321 8.752 -0.0304757
31 11.4159 9.23214 0.0151603
32 10.7782 0.148906 0.526512
33 11.0694 0.537833 0.5978
34 10.5364 7.85032 -0.0839886
35 9.59096 8.23337 -0.413622
36 9.2865 7.45818 0.12429
37 11.2241 2.32439 0.387705
38 10.7007 7.022 -0.085134
39 8.56947 6.25373 0.335633
40 7.84292 7.64863 0.332116
41 9.8415 8.30961 0.282621
42 10.551 7.90385 0.3605
43 10.097 7.90918 -0.114676
44 11.653 9.89658 0.0240684
45 12.8336 10.0009 -0.0394133
46 10.4384 0.541213 0.386409
47 4.55221 1.67723 -1.12982
48 8.44052 5.84975 -0.136023
49 10.6013 7.62235 0.106862
50 9.76476 8.11283 -0.286978
51 10.6599 7.94506 0.249547
52 4.2191 0.812087 -0.893431
53 9.47039 14.5193 -0.90539
54 11.9228 14.5584 0.132541
55 10.5189 0.735878 0.0615256
56 11.8456 17.2044 0.323618
57 19.7228 8.97474 -1.45329
58 9.36206 7.55987 -0.036618
59 12.1473 14.0275 0.498462
60 11.002 11.0058 0.273572
61 9.4104 8.57731 0.187223
62 12.1959 10.2056 -0.0156764
63 10.43 2.13917 0.506541
64 11.9301 10.8254 -0.0548385
65 5.78852 15.9685 -0.651999
66 12.038 17.9382 0.109633
67 8.93881 14.5625 -0.840687
68 10.5242 19.9967 0.11377
69 12.0291 18.1323 0.347237
70 12.6006 17.3638 0.135819
71 10.9972 6.98211 -0.169233
72 11.4248 18.4522 -0.024629
73 10.8948 9.53721 0.372889
74 11.9004 2.63247 0.188292
75 10.4995 7.02592 -0.213361
76 10.9927 1.35365 0.502654
77 9.72438 8.07845 -0.08211
78 9.29476 8.97958 -0.252261
79 9.68405 8.77541 -0.207807
80 12.0209 17.2275 0.305302
81 13.1387 14.0035 0.0483399
82 8.391 6.93643 0.121949
83 13.0867 17.1074 -0.168639
84 10.9167 0.415298 0.561702
85 11.1649 7.9494 0.418999
86 10.6376 7.29719 0.425559
87 12.3517 14.3141 -0.0295173
88 12.8609 14.411 -0.0571811
89 10.9296 8.55552 0.479892
90 11.6456 7.44603 0.40869
91 10.7283 8.24065 0.375432
92 11.5952 10.6131 -0.0580462
93 11.9045 10.4449 -0.0538085
94 10.5193 4.07156 -0.516961
95 9.031 9.70814 -0.110444
96 12.1293 18.5032 0.14715
97 10.5358 1.58748 0.321789
98 10.3627 4.50587 -0.336287
99 9.55058 7.94909 -0.175637
