100
Particles
0 10.8131 7.4564 -0.198972
1 10.2614 9.14161 0.0786181
2 10.8662 7.08349 -0.061877
3 12.0301 7.37168 -0.214363
4 10.3461 7.19617 -0.125997
5 10.3828 9.11193 0.101033
6 10.218 9.6335 -0.250278
7 14.0436 16.3992 0.192737
8 14.4771 16.2484 0.232577
9 12.286 1.71268 0.360626
10 11.9097 8.41354 0.25597
11 12.1342 1.72393 0.353424
12 9.56441 7.40206 0.0770508
13 9.60052 7.61851 0.0256564
14 12.2643 10.8896 0.021791
15 9.73399 7.16406 -0.222322
16 12.7657 3.72248 0.315799
17 11.4923 7.05812 0.0477744
18 12.9616 14.4955 0.0372132
19 16.6216 10.2116 1.53205
20 12.6503 7.43792 -0.0857484
21 13.5314 9.89972 0.397012
22 11.7916 8.40146 0.209009
23 12.2979 10.1455 -0.202878
24 12.6722 10.45 0.0476698
25 12.9192 7.63915 0.482138
26 5.26963 19.4286 -1.1843
27 10.5915 8.84954 -0.0683048
28 12.428 2.98544 -0.0177225
29 5.08619 19.5777 -1.61226
30 10.7476 8.6341 -0.0977139
31 12.6043 9.60461 0.34672
32 11.84 0.745245 0.802541
33 12.2198 1.0178 0.334432
34 11.7788 7.79575 -0.0496843
35 10.8118 7.99155 -0.0937347
36 10.5076 7.32051 -0.152483
37 12.3637 2.80322 0.473281
38 11.9358 6.94317 -0.200261
39 9.75505 6.40037 -0.132564
40 9.07066 7.68995 -0.277129
41 11.0687 8.14543 -0.0999977
42 11.7819 8.00183 -0.137746
43 11.3234 7.75998 -0.173676
44 12.8655 10.1038 0.315465
45 14.0225 10.2588 0.430363
46 11.5429 1.10913 0.424853
47 4.79999 0.475695 -1.52643
48 9.63687 6.11592 -0.161471
49 11.8148 7.82488 -0.123889
50 10.9886 7.87936 -0.0643225
51 11.8944 7.97866 -0.152727
52 4.52155 19.6141 -1.56763
53 9.98824 13.4091 -1.15674
54 13.1244 14.8731 0.436405
55 11.6572 1.21142 0.343628
56 13.0497 17.4369 0.289511
57 19.6326 7.73108 -1.71029
58 10.5825 7.32265 -0.0163421
59 13.3624 14.1873 0.238733
60 12.2303 11.1613 0.0560775
61 10.6506 8.43975 -0.0587781
62 13.4274 10.1553 -0.146777
63 11.4972 2.74997 0.494976
64 13.1637 10.9825 0.22202
65 6.7489 15.174 -0.687388
66 13.2082 18.2954 -0.000589993
67 9.64807 13.5444 -0.857414
68 11.6022 0.609558 0.492013
69 13.243 18.3129 0.499015
70 13.8085 17.6026 -0.0163445
71 12.2167 7.08783 0.325164
72 12.6406 18.6605 -0.106346
73 12.1374 9.60895 -0.0205747
74 13.0914 2.91972 0.0350698
75 11.729 7.06176 0.181413
76 12.0918 1.92784 0.420791
77 10.9532 8.09019 -0.237333
78 10.5208 8.94804 -0.25755
79 10.8767 8.46092 -0.234149
80 13.1678 17.7023 0.413439
81 14.3698 14.1246 -0.115861
82 9.6324 6.90135 0.0863935
83 14.3257 17.0503 -0.103153
84 12.0118 1.00911 0.426562
85 12.3652 8.18598 0.216829
86 11.8566 7.45095 0.287117
87 13.5783 14.5158 0.339168
88 14.0706 14.6941 0.170451
89 12.1594 8.67988 0.0149065
90 12.8915 7.474 -0.0942656
91 11.9501 8.49559 0.232376
92 12.8172 10.844 0.106617
93 13.1332 10.6428 0.29234
94 11.6108 3.48629 -0.271297
95 10.2558 9.61257 0.124756
96 13.3365 18.7413 0.450138
97 11.6533 2.0858 0.504078
98 11.2244 3.62234 -1.04592
99 10.7545 7.63137 -0.183978
