100
Particles
0 12.019 7.16257 -0.248381
1 11.4928 9.21587 0.15586
2 12.0781 6.86387 0.00606758
3 13.2637 7.26107 0.0308828
4 11.5673 7.06213 -0.397225
5 11.6042 8.95423 -0.0751187
6 11.4333 9.48213 0.168455
7 15.2035 16.8238 0.433293
8 15.561 16.8531 0.550349
9 13.3938 2.26976 0.602842
10 13.1413 8.31603 -0.293157
11 13.2855 2.17146 0.197712
12 10.7796 7.1691 -0.399917
13 10.8018 7.40975 -0.460148
14 13.4336 11.2542 0.161377
15 10.9211 6.92146 0.0395239
16 13.9342 4.12581 0.255174
17 12.711 6.90546 -0.312863
18 14.1981 14.6467 -0.0342542
19 16.5171 11.4446 1.66678
20 13.8657 7.44407 0.048914
21 14.7257 10.1751 0.522135
22 13.0176 8.37463 -0.209672
23 13.4563 10.5722 0.0574664
24 13.8819 10.6773 0.0489284
25 14.1175 7.32041 -0.410235
26 5.36365 18.1877 -1.46727
27 11.7942 8.50964 -0.289546
28 13.6545 3.11674 0.183709
29 5.03425 18.3419 -1.68149
30 11.9896 8.59425 -0.0840294
31 13.7921 9.93817 0.434349
32 12.9838 1.19344 0.209999
33 13.4049 1.39447 0.285484
34 13.0191 7.68799 -0.206597
35 12.0275 7.91281 -0.31495
36 11.7445 7.42915 0.160324
37 13.5825 3.03638 0.0983156
38 13.1723 6.88206 0.0652924
39 10.8704 5.87991 -0.687235
40 10.2655 7.363 -0.227856
41 12.2984 8.02891 -0.317158
42 12.986 7.73471 -0.291526
43 12.5536 7.65828 0.134055
44 14.0794 10.3793 0.278553
45 15.199 10.5766 0.626693
46 12.6646 1.64089 0.235819
47 4.78352 19.2352 -1.70711
48 10.8379 5.87711 -0.534393
49 13.0452 7.9382 -0.0257632
50 12.2289 7.81074 -0.123159
51 13.1242 7.8455 -0.0627732
52 4.68687 18.3963 -1.77333
53 10.4844 12.274 -0.966123
54 14.3555 15.0707 0.197126
55 12.7455 1.81833 0.649153
56 14.2022 17.9076 0.41608
57 19.0723 6.6396 -2.26003
58 11.8138 7.22238 0.0765308
59 14.5643 14.4078 0.0926979
60 13.4296 11.4488 0.289102
61 11.8548 8.42076 -0.273243
62 14.6566 10.3283 0.211948
63 12.7124 2.8287 -0.0624067
64 14.2803 11.4481 0.631565
65 7.6609 14.3545 -1.07858
66 14.3886 18.6188 0.589668
67 10.1125 12.4212 -1.23854
68 12.7178 1.12691 0.519253
69 14.3615 18.8573 0.387516
70 14.958 18.0818 0.343903
71 13.44 6.87194 -0.111861
72 13.7789 19.1037 0.59451
73 13.3296 9.95485 0.101204
74 14.249 3.35087 0.487081
75 12.9678 6.93956 -0.176059
76 13.2821 2.27691 0.328814
77 12.1611 7.7841 -0.23217
78 11.7496 8.85276 0.144273
79 12.1074 8.66448 0.101134
80 14.3382 18.055 0.424555
81 15.6042 14.1613 -0.18932
82 10.8298 6.61312 -0.237803
83 15.5166 17.3677 0.341111
84 13.1876 1.40515 0.203422
85 13.5965 8.15854 -0.197369
86 13.0897 7.38518 -0.0881933
87 14.7997 14.6494 0.355012
88 15.3058 14.8183 0.166543
89 13.3889 8.66181 0.237897
90 14.1133 7.39879 -0.0586814
91 13.1682 8.25336 -0.197521
92 14.0338 11.0849 0.0818074
93 14.3117 10.9767 0.311231
94 12.8009 3.54277 0.318295
95 11.4642 9.38919 -0.0242986
96 14.4999 19.173 0.449072
97 12.7539 2.62302 0.156963
98 12.4205 3.4318 0.315806
99 11.9775 7.60992 0.121775
