100
Particles
0 13.2479 6.99367 -0.191436
1 12.7166 9.07807 -0.252925
2 13.3199 6.73132 -0.148341
3 14.4862 7.11935 -0.246067
4 12.7734 6.77012 -0.102017
5 12.8367 9.02518 0.145679
6 12.6518 9.37245 -0.254079
7 16.4366 17.0176 0.158387
8 16.7717 17.1343 0.248191
9 14.5916 2.58986 0.132749
10 14.3766 8.237 -0.155762
11 14.4857 2.43848 0.132354
12 11.9961 6.99944 0.0212471
13 12.0125 7.25679 -0.32585
14 14.6412 11.5282 0.308136
15 12.1533 6.88671 -0.0508581
16 15.1267 4.47861 0.249901
17 13.9293 6.74836 -0.0474092
18 15.2902 15.2214 0.693325
19 16.1232 12.5857 2.3001
20 15.0937 7.45405 0.0619267
21 15.9555 10.352 0.0407117
22 14.2256 8.17594 0.236335
23 14.6588 10.781 -0.088393
24 15.0782 10.9788 0.424471
25 15.35 7.36675 -0.0079005
26 5.27724 16.9695 -1.47765
27 13.0142 8.55032 -0.263906
28 14.8268 3.47406 0.437449
29 4.98875 17.11 -1.51929
30 13.2108 8.77859 0.335361
31 15.0078 10.0814 -0.109104
32 14.1261 1.66154 0.481599
33 14.5522 1.85375 0.163527
34 14.2509 7.63842 -0.143921
35 13.2543 7.83403 -0.0557413
36 12.9785 7.38127 -0.129743
37 14.7258 3.49912 0.439114
38 14.4098 6.93735 0.141996
39 12.0397 5.62824 0.168514
40 11.4628 7.16815 0.243137
41 13.536 8.0469 0.090439
42 14.2198 7.62561 -0.0960937
43 13.7757 7.63093 0.300766
44 15.2998 10.4791 -0.0602224
45 16.4353 10.7064 0.059626
46 13.8634 1.88914 -0.0907362
47 4.83799 18.0036 -1.4001
48 12.0472 5.57062 -0.209614
49 14.2888 8.03753 0.162887
50 13.4481 7.61984 -0.2924
51 14.3708 7.79659 -0.0647714
52 4.66231 17.1555 -1.72628
53 10.9885 11.1458 -1.34828
54 15.4831 15.5902 0.528236
55 13.9453 2.13166 0.310446
56 15.3606 18.3541 0.477123
57 18.2712 5.6873 -2.3165
58 13.0417 7.07498 -0.0207489
59 15.765 14.7417 0.301573
60 14.5474 11.9819 0.525716
61 13.0859 8.22633 -0.140357
62 15.8647 10.4989 -0.14399
63 13.9518 2.92147 0.15348
64 15.4521 11.8187 0.0334091
65 8.58993 13.5302 -0.654536
66 15.5792 18.9501 0.37209
67 10.7515 11.3666 -0.914701
68 13.8679 1.59628 0.350884
69 15.528 19.2745 0.229988
70 16.0448 18.6856 0.641415
71 14.6557 6.73037 0.209991
72 14.94 19.4785 0.474162
73 14.5558 10.0565 -0.103576
74 15.3879 3.79722 0.221363
75 14.2034 6.95261 0.156492
76 14.5149 2.44986 0.0051967
77 13.3824 7.58849 -0.314734
78 12.9863 8.94631 -0.0215768
79 13.3404 8.49639 -0.319116
80 15.4895 18.5179 0.222639
81 16.8152 14.4187 -0.0017816
82 12.0594 6.45406 -0.0225712
83 16.7562 17.4649 -0.01213
84 14.3886 1.66944 0.202918
85 14.8225 8.06185 0.25038
86 14.3102 7.25376 -0.212357
87 15.9553 15.1132 0.46094
88 16.5235 15.0299 0.30119
89 14.6298 8.5475 -0.00517479
90 15.3533 7.44406 0.121112
91 14.4052 8.27155 0.163603
92 15.2452 11.2324 -0.0995205
93 15.4906 11.2091 -0.0792931
94 13.9952 3.84907 0.541828
95 12.6957 9.26076 -0.224442
96 15.6223 19.6913 0.407582
97 13.9247 3.05415 0.347919
98 13.6163 3.71971 0.0962317
99 13.214 7.68644 0.0362073
