100
Particles
0 14.481 7.12647 0.0060681
1 13.9563 9.1177 0.101486
2 14.555 6.91369 0.157872
3 15.7006 7.19443 0.209101
4 13.9978 6.68932 -0.270666
5 14.047 9.19835 0.383858
6 13.8937 9.48988 0.0732128
7 17.6511 17.1593 0.220236
8 18.0133 17.0933 0.0932484
9 15.7539 3.01619 0.297559
10 15.6114 8.40055 -0.0203277
11 15.6181 2.92226 0.272232
12 13.2309 6.85245 -0.183635
13 13.2551 7.15587 -0.0634941
14 15.8742 11.5898 -0.12506
15 13.3707 6.85381 0.226407
16 16.2962 4.89373 0.289803
17 15.1398 6.99628 0.414224
18 16.4395 15.6591 0.127411
19 16.4494 13.6481 0.97479
20 16.3042 7.7218 0.048947
21 17.1709 10.198 -0.010824
22 15.4587 8.30742 0.0122537
23 15.8944 10.657 -0.251261
24 16.3072 10.9638 -0.166607
25 16.5832 7.41856 -0.160582
26 5.49029 15.7643 -1.70863
27 14.2406 8.70109 0.0271801
28 15.9775 3.93716 0.489686
29 5.16466 15.8978 -1.26681
30 14.3804 9.02086 0.379831
31 16.2369 10.1436 0.151665
32 15.351 1.87278 0.208017
33 15.6972 2.32415 0.52903
34 15.4943 7.65598 -0.0475632
35 14.4816 7.90774 0.0706372
36 14.2 7.55096 0.358289
37 15.9589 3.66861 0.0635045
38 15.6477 7.07433 0.0276898
39 13.261 5.63762 -0.00191752
40 12.7004 7.11865 -0.142594
41 14.7598 8.21071 0.26888
42 15.4399 7.81682 0.320097
43 15.0002 7.68709 -0.186996
44 16.5296 10.3321 -0.105655
45 17.6568 10.5204 -0.0479635
46 15.0779 2.1245 0.28527
47 4.93328 16.7769 -1.19211
48 13.2741 5.69482 -0.0325579
49 15.5069 8.23296 0.285434
50 14.6635 7.80099 0.332198
51 15.5976 7.94874 -0.142192
52 4.89994 15.9344 -1.3044
53 11.5632 10.0471 -1.13998
54 16.6334 16.0684 0.291577
55 15.1199 2.44942 0.0450165
56 16.4866 18.8305 0.562466
57 17.2072 5.05085 -2.45003
58 14.2693 7.11738 -0.179027
59 16.8969 15.2148 0.423704
60 15.774 12.0756 -0.11992
61 14.3197 8.36683 0.0248399
62 17.0486 10.121 -0.416574
63 15.1158 3.31536 0.194998
64 16.648 12.1114 0.0397278
65 9.59241 12.8001 -0.435728
66 16.7384 19.3699 0.39781
67 11.0737 10.1628 -1.19964
68 15.0612 1.88992 0.345565
69 16.7379 19.5795 0.278926
70 17.2554 18.9507 0.128463
71 15.8804 6.86055 0.265849
72 16.1014 19.9097 0.295178
73 15.7842 10.0822 -0.303347
74 16.5941 4.08262 0.0273358
75 15.4268 7.10833 0.232237
76 15.6998 2.74479 0.417153
77 14.6204 7.4502 0.0424578
78 14.2041 8.94404 -0.0131695
79 14.5695 8.60299 0.216237
80 16.7192 18.6857 0.151838
81 17.9825 14.8565 0.342062
82 13.2964 6.5036 0.181728
83 17.9868 17.5676 -0.0137719
84 15.5847 1.9398 0.39053
85 16.0631 8.07677 0.16124
86 15.523 7.37324 -0.181268
87 17.1669 15.3831 0.257407
88 17.7575 15.1764 0.257949
89 15.8561 8.59138 -0.139835
90 16.5805 7.43013 0.30481
91 15.6397 8.3172 -0.136587
92 16.4704 11.2983 0.204403
93 16.7149 11.1803 -0.214108
94 15.213 4.05215 0.123776
95 13.886 9.44399 0.493482
96 16.8049 0.0353211 0.53613
97 15.1282 3.29129 0.00135821
98 14.8309 3.93194 -0.0824568
99 14.4543 7.66675 -0.0710125
