100
Particles
0 15.7266 7.1179 -0.0994407
1 15.1856 9.17016 -0.0711996
2 15.7813 6.85993 -0.224204
3 16.9242 7.27056 -0.0191148
4 15.2318 6.61746 0.0620155
5 15.2876 9.19974 0.0484231
6 15.1175 9.71288 0.228621
7 18.8556 17.3567 -0.231123
8 19.2542 17.0453 -0.248405
9 16.9841 3.17612 0.043006
10 16.835 8.39542 -0.0419613
11 16.8284 3.20855 0.209431
12 14.4591 6.73045 -0.215365
13 14.4896 7.05542 -0.0460402
14 17.094 11.5444 0.157074
15 14.5856 6.72575 0.0407725
16 17.5242 4.87129 -0.235133
17 16.3541 7.18532 0.350006
18 17.6328 15.9355 -0.0408131
19 17.3859 14.4477 0.674723
20 17.5492 7.76519 -0.0143686
21 18.4051 10.1814 0.108974
22 16.6905 8.36213 0.07259
23 17.1272 10.6206 0.0651992
24 17.5429 10.9864 0.068162
25 17.7615 7.76475 -0.0536585
26 5.76321 14.555 -1.30254
27 15.4455 8.7606 -0.230004
28 17.2135 4.0014 0.194207
29 5.34022 14.6716 -1.33926
30 15.5937 9.15728 0.0650586
31 17.4567 10.09 -0.0621548
32 16.5533 2.17858 0.129921
33 16.8913 2.60323 0.23164
34 16.7319 7.63722 0.165942
35 15.7299 7.89805 -0.00374365
36 15.4097 7.82309 0.189435
37 17.1606 3.9314 0.322602
38 16.8671 7.28024 0.391093
39 14.5094 5.62494 0.0399066
40 13.9266 6.96282 0.0646628
41 15.9921 8.30041 0.0582636
42 16.6347 8.02198 0.35975
43 16.2264 7.83194 0.357189
44 17.7538 10.1769 -0.0362571
45 18.8935 10.4859 -0.0368207
46 16.2139 2.62765 0.360363
47 4.90674 15.5347 -1.42101
48 14.485 5.80702 -0.12172
49 16.7336 8.32964 -0.0282232
50 15.8808 7.93964 -0.172598
51 16.8199 7.97267 -0.1149
52 4.98873 14.7005 -1.61693
53 12.0633 8.92643 -1.43175
54 17.873 16.1355 0.0840933
55 16.265 2.92511 0.414436
56 17.6202 19.3011 0.687973
57 18.246 4.77322 0.163194
58 15.5071 7.16185 -0.0129733
59 18.0877 15.4839 -0.065795
60 16.9885 11.921 -0.177153
61 15.5186 8.64692 0.206037
62 18.2792 10.0091 -0.0805919
63 16.3178 3.5036 0.547487
64 17.833 11.7868 -0.497019
65 10.6749 12.1755 -0.522578
66 17.9085 19.7307 0.403041
67 11.4485 8.99174 -1.34362
68 16.1787 2.43592 0.575221
69 17.8906 0.00394213 0.632054
70 18.4588 19.1824 0.303185
71 17.1025 7.05342 0.0990682
72 17.2494 0.354679 0.559311
73 17.0027 9.95041 0.156081
74 17.7974 4.16049 -0.205579
75 16.6555 7.18204 0.34599
76 16.9007 3.05953 0.185967
77 15.858 7.51847 -0.142377
78 15.4418 9.02075 0.252146
79 15.8049 8.67962 -0.00189677
80 17.9009 19.0573 0.505264
81 19.2029 15.0775 0.237136
82 14.5402 6.4286 -0.199545
83 19.2219 17.5238 0.113087
84 16.7481 2.3624 0.461437
85 17.2901 8.11534 0.16418
86 16.7277 7.6966 0.263757
87 18.3946 15.5282 -0.0696065
88 18.9828 15.3656 0.13958
89 17.0817 8.57426 -0.00632626
90 17.8044 7.56919 0.0226011
91 16.8608 8.4722 0.236717
92 17.6873 11.0805 -0.263614
93 17.9361 11.0145 0.0956605
94 16.4522 4.04985 -0.021788
95 15.1208 9.59261 0.106963
96 17.96 0.448522 0.446972
97 16.363 3.45609 0.209553
98 16.0473 3.83762 0.345126
99 15.6744 7.89059 -0.0304224
