100
Particles
0 16.9616 7.24761 0.0726518
1 16.4099 9.23171 -0.221044
2 17.0059 6.6888 -0.141496
3 18.1387 7.40311 0.0639925
4 16.4649 6.65221 -0.138185
5 16.5022 9.27867 0.336232
6 16.3548 9.83396 -0.108056
7 0.0832448 17.1923 -0.0609761
8 0.47621 16.8756 -0.255244
9 18.1358 3.55403 0.515327
10 18.069 8.29484 -0.221941
11 17.9959 3.58078 0.414703
12 15.682 6.56678 -0.175115
13 15.7308 7.08068 -0.176705
14 18.3305 11.6066 -0.175246
15 15.8072 6.67944 -0.340641
16 18.6923 5.2406 0.55908
17 17.5864 7.07804 -0.285997
18 18.8342 16.2155 0.356043
19 18.4946 15.0217 0.502168
20 18.7693 7.72947 -0.195665
21 19.6409 10.2851 -0.0212514
22 17.9294 8.29345 -0.238871
23 18.3388 10.7628 0.437146
24 18.7706 11.1367 -0.0899885
25 18.9771 7.97529 -0.118277
26 5.65997 13.3136 -1.70766
27 16.6799 8.75722 0.165858
28 18.3821 4.38366 0.419014
29 5.28826 13.4382 -1.32916
30 16.8207 9.21924 -0.241892
31 18.6885 9.99717 -0.169319
32 17.7247 2.54006 0.279964
33 18.1052 2.84295 0.440279
34 17.9553 7.8141 0.0212434
35 16.9745 7.86669 -0.0566693
36 16.6499 7.92137 0.0975735
37 18.3403 4.22923 0.0468894
38 18.0897 7.4579 0.0731581
39 15.7383 5.44933 -0.208011
40 15.1461 6.73505 -0.199399
41 17.2331 8.20015 -0.128042
42 17.8613 8.09815 -0.0736972
43 17.4492 7.70521 -0.251632
44 18.9843 10.3236 0.257374
45 0.118559 10.422 0.00637839
46 17.3552 3.11932 0.388977
47 4.74615 14.3499 -1.51287
48 15.7056 5.72418 0.209272
49 17.9591 8.20694 -0.335612
50 17.127 7.91255 0.014307
51 18.0471 8.02657 -0.104632
52 4.81318 13.4898 -2.00483
53 12.5522 7.80181 -0.976369
54 19.0981 16.0851 0.0552751
55 17.4702 3.2412 0.256067
56 18.748 19.7959 0.26211
57 19.44 5.03165 0.466243
58 16.7511 7.11351 -0.182654
59 19.3171 15.6605 0.181544
60 18.2108 11.8833 0.253341
61 16.7618 8.54873 -0.0479943
62 19.5044 10.1505 0.438669
63 17.4774 3.90487 0.576435
64 19.0719 11.7705 -0.11762
65 11.9144 12.1296 0.0668766
66 19.0466 0.233365 0.236233
67 11.8142 7.81488 -1.37592
68 17.3845 2.73267 0.0575164
69 18.8885 0.754063 0.658794
70 19.5883 19.6803 0.262048
71 18.3202 7.26192 -0.040424
72 18.1306 1.20555 0.385852
73 18.2381 10.0419 0.287569
74 18.9894 4.49578 0.345086
75 17.8844 7.27354 0.202271
76 18.1079 3.28534 -0.0758453
77 17.0887 7.50187 -0.243201
78 16.6651 9.09622 -0.210316
79 17.0117 8.83289 0.284655
80 19.0443 19.514 0.210218
81 0.437613 14.9927 -0.27563
82 15.7667 6.42379 -0.301069
83 0.422485 17.2346 -0.0572264
84 17.9484 2.60403 0.16245
85 18.5013 8.1756 -0.247694
86 17.9576 7.73087 -0.15479
87 19.6004 15.7982 0.159653
88 0.218628 15.4435 -0.0468195
89 18.3199 8.4218 -0.0554917
90 19.0191 7.81233 0.230761
91 18.0907 8.59088 0.162781
92 18.9218 11.0715 -0.105258
93 19.1617 11.2219 0.311666
94 17.5725 4.52595 0.576617
95 16.3425 9.8042 0.273994
96 18.9514 1.16931 0.596395
97 17.5165 3.89767 0.199454
98 17.1932 4.29811 0.159188
99 16.8894 7.96092 0.0254305
