100
Particles
0 1.16572 19.3695 -0.210004
1 1.13074 19.236 -0.283859
2 1.12464 19.5852 -0.300634
3 1.13043 19.9677 -0.344725
4 1.11906 18.7416 -0.260461
5 1.0752 19.4927 -0.191886
6 1.10593 19.6105 0.208049
7 1.21358 0.326634 0.232079
8 1.12248 19.7622 -0.304131
9 1.13946 19.4113 -0.058163
10 1.12392 0.0537203 0.119313
11 1.19459 19.9035 0.16039
12 1.09843 19.0804 -0.151995
13 1.19568 19.4385 -0.0369373
14 1.07996 0.0250825 -0.308701
15 1.08956 18.9383 0.192221
16 1.14089 0.189461 -0.0110649
17 1.11051 19.2597 0.00347002
18 1.07704 18.8115 -0.383332
19 1.14721 19.3521 0.0668567
20 1.17713 19.6257 -0.105512
21 1.15592 19.224 -0.0296046
22 1.10392 19.2169 0.10963
23 1.1399 19.5878 -0.146556
24 1.14576 19.8103 0.228
25 1.04339 18.6378 -0.202502
26 1.1815 19.4112 0.0643279
27 1.06991 19.1192 -0.183768
28 1.10995 19.7708 -0.103072
29 1.19945 0.130168 -0.142092
30 1.12236 19.7894 -0.305436
31 1.16856 19.663 -0.00407139
32 1.19053 19.4899 -0.0539901
33 1.13193 19.824 0.0953544
34 1.08704 19.5407 -0.0213105
35 1.07087 19.6598 -0.290485
36 1.11035 18.6155 0.0839188
37 1.06834 18.9875 -0.239165
38 1.10697 19.8579 -0.0701703
39 1.13928 19.1458 0.00439101
40 1.1128 18.6624 0.0804364
41 1.12993 19.1637 -0.134942
42 1.15162 19.8115 0.11611
43 1.19333 0.155668 -0.264179
44 1.17256 19.803 0.128372
45 1.19956 19.6524 -0.183817
46 1.15385 18.8233 -0.319312
47 1.19966 0.540699 -0.146207
48 1.12233 18.8233 0.0865773
49 1.16873 19.7974 -0.256229
50 1.15742 18.9169 -0.248292
51 1.12762 19.0166 -0.0330968
52 1.15892 0.0389538 0.0561352
53 1.06943 18.8639 -0.37794
54 1.06279 18.2485 -0.0208314
55 1.16141 19.3861 0.20182
56 1.14943 18.6666 -0.242112
57 1.12418 19.7105 -0.287685
58 1.13671 19.0128 -0.353947
59 1.14985 18.9159 0.0817579
60 1.11778 19.3809 0.00140898
61 1.12725 19.3738 0.214929
62 1.09951 0.190081 0.248859
63 1.11985 19.844 0.179515
64 1.06442 0.411394 0.1877
65 1.12314 19.5881 0.0349529
66 1.17317 19.3315 0.00288962
67 1.1033 0.228303 -0.0811677
68 1.14466 19.0444 -0.286177
69 1.16595 19.2411 0.128281
70 1.16673 0.118508 0.195581
71 1.19327 19.9838 -0.0678222
72 1.17299 19.3635 0.0618503
73 1.19245 19.8529 0.119725
74 1.12766 19.8998 0.00771962
75 1.18031 19.5963 0.146546
76 1.17645 19.6957 0.0806097
77 1.11594 19.2294 0.0633874
78 1.13143 19.4213 0.184218
79 1.15846 19.2862 0.176984
80 1.10498 19.2908 -0.169941
81 1.15464 19.1108 -0.127199
82 1.16959 19.2363 0.132388
83 1.12314 19.5522 -0.209296
84 1.12637 18.94 -0.230211
85 1.16159 19.3842 -0.236566
86 1.09089 19.9582 -0.260201
87 1.12321 18.7908 -0.125606
88 1.18 18.9648 -0.349684
89 1.07522 18.5815 -0.223634
90 1.1133 18.7964 -0.215115
91 1.17487 19.6808 0.0466595
92 1.17734 19.6963 0.0431362
93 1.10704 19.6274 -0.311618
94 1.05732 19.7333 0.188468
95 1.15095 19.411 -0.0455265
96 1.13518 18.5891 -0.161624
97 1.12187 19.8683 0.113068
98 1.13963 19.4808 0.0900353
99 1.13235 19.6669 -0.0374453
