100
Particles
0 18.1833 7.09676 -0.253369
1 17.6241 9.35975 -0.294955
2 18.2396 6.64279 -0.0825634
3 19.3521 7.18881 -0.289863
4 17.702 6.66652 0.0158566
5 17.7377 9.32952 -0.0539133
6 17.5829 9.89971 -0.179932
7 1.31154 17.0488 -0.0946618
8 1.68037 16.6611 -0.435555
9 19.2707 4.06415 0.264978
10 19.2897 8.21634 0.00588908
11 19.1838 3.91232 0.174498
12 16.922 6.53362 -0.0828134
13 16.9647 7.11552 0.182733
14 19.5494 11.7566 0.215345
15 17.0491 6.70545 -0.12808
16 19.6836 5.99106 0.557625
17 18.8151 6.97177 0.167835
18 0.010793 16.6233 0.29888
19 19.5148 15.725 0.546443
20 19.989 7.67417 -0.126875
21 0.875243 10.3447 0.140258
22 19.1536 8.2086 -0.0633652
23 19.5367 11.0657 0.44389
24 19.969 11.4879 0.235284
25 0.207931 8.12961 0.0728539
26 5.4548 12.1096 -1.96376
27 17.9085 8.61443 -0.169274
28 19.4863 4.91906 0.641353
29 5.25962 12.1947 -1.48283
30 18.0412 9.34648 -0.211663
31 19.9148 10.2046 0.305164
32 18.9272 2.83442 0.149396
33 19.3051 3.1694 0.308689
34 19.1891 7.70383 0.0270533
35 18.2072 7.74867 0.101569
36 17.8756 7.78177 -0.192694
37 19.4626 4.73141 0.595807
38 19.3037 7.27041 -0.110098
39 16.9286 5.08532 -0.392252
40 16.3706 6.63259 -0.123786
41 18.461 8.27226 0.00527347
42 19.0919 8.00454 -0.0467529
43 18.6799 7.55425 -0.234655
44 0.210423 10.4989 0.183305
45 1.35016 10.454 -0.0944588
46 18.5776 3.35271 0.0355863
47 4.61442 13.1339 -1.95637
48 16.9323 5.57526 0.0308102
49 19.1842 8.20426 -0.140018
50 18.3561 7.86882 -0.202409
51 19.2714 8.0157 -0.119789
52 4.70243 12.2618 -1.72119
53 13.3219 6.8352 -0.69758
54 0.298026 16.3755 -0.0540569
55 18.6003 3.69066 0.589646
56 19.9125 0.19753 0.169598
57 0.512545 5.65516 0.413089
58 17.9739 6.98411 -0.15596
59 0.507234 15.9844 0.144437
60 19.4175 11.8737 0.433334
61 17.9877 8.44524 0.00699019
62 0.721708 10.3781 0.35413
63 18.6966 4.15345 0.246369
64 0.305494 11.8434 0.0375852
65 13.1492 12.2501 -0.0662605
66 0.14479 0.784479 0.672826
67 12.4065 6.74524 -0.971046
68 18.5653 3.03802 -0.0433247
69 0.0578197 1.13882 0.157015
70 0.696987 0.234766 0.598634
71 19.5326 7.0158 -0.344077
72 19.1792 1.83953 0.164371
73 19.3882 10.5176 0.208102
74 19.9959 5.21284 0.637748
75 19.1066 7.13155 0.0682321
76 19.2868 3.6571 0.420033
77 18.3003 7.37461 -0.340083
78 17.8999 9.13833 0.180802
79 18.2186 8.87675 -0.322698
80 0.217611 19.9204 0.463205
81 1.63508 14.8748 0.248698
82 17.0012 6.41342 0.0822082
83 1.62109 16.9715 -0.476906
84 19.1528 2.89488 0.415415
85 19.7405 8.0543 -0.198614
86 19.1835 7.5918 0.0413607
87 0.758428 16.188 0.326712
88 1.40144 15.8223 0.35414
89 19.5399 8.51358 -0.146242
90 0.253616 7.72949 -0.0859428
91 19.324 8.52823 -0.0693157
92 0.129295 11.1988 0.222124
93 0.383462 11.1756 0.360189
94 18.7028 5.00571 0.295597
95 17.5854 9.76687 0.1107
96 19.9625 1.88298 0.61762
97 18.6475 4.38041 0.144231
98 18.3437 4.72591 0.702171
99 18.1169 7.85676 -0.178536
