100
Particles
0 19.4163 7.11 0.175167
1 18.8019 8.96179 -0.420622
2 19.4606 6.73738 -0.287079
3 0.566445 7.0442 0.0275478
4 18.9351 6.6915 0.0804837
5 18.9302 9.10119 0.0847335
6 18.7849 9.61992 -0.392961
7 2.48642 16.6499 -0.0998246
8 2.85922 16.2789 -0.421425
9 0.498367 4.25578 0.224579
10 0.515772 8.05944 -0.325822
11 0.404066 4.11161 0.396525
12 18.147 6.76521 0.259901
13 18.1922 7.0253 -0.0415797
14 0.72688 12.0626 -0.100564
15 18.2737 6.66745 0.338645
16 0.875653 6.34479 0.221831
17 0.0398047 6.94275 0.193394
18 1.2458 16.7088 -0.119696
19 0.739877 15.7034 -0.205008
20 1.14791 7.27315 0.0382408
21 2.10881 10.2418 -0.217549
22 0.368213 7.97562 -0.0598169
23 0.747408 11.3564 0.309838
24 1.1587 11.7619 0.0862518
25 1.38289 7.76099 -0.472777
26 5.26705 10.8915 -1.94607
27 19.1218 8.41043 -0.417971
28 0.652061 5.34168 0.123528
29 5.09852 10.9619 -1.63844
30 19.2379 9.1396 -0.354226
31 1.14603 10.2907 0.172024
32 0.131262 3.06328 -0.183431
33 0.530511 3.28614 -0.0613545
34 0.418842 7.63999 0.0485035
35 19.4193 7.63097 0.138222
36 19.0883 7.63799 -0.244779
37 0.646547 5.10385 0.303973
38 0.527966 7.11456 0.0437287
39 18.1228 4.76682 -0.0181952
40 17.6028 6.81457 0.192164
41 19.6571 7.92169 -0.346581
42 0.296868 7.79659 -0.26077
43 19.9197 7.50547 -0.218618
44 1.44828 10.5725 -0.185292
45 2.57328 10.6897 0.129847
46 19.7955 3.56007 0.24439
47 4.44346 11.9084 -1.93838
48 18.1647 5.48883 -0.0123599
49 0.41329 8.0996 -0.0295966
50 19.5715 7.66285 -0.349935
51 0.450597 7.69102 -0.457785
52 4.40255 11.056 -1.74039
53 14.3995 6.26286 -0.21654
54 1.52113 16.4457 0.154324
55 19.817 3.88483 -0.0714921
56 1.0563 0.679876 0.460417
57 1.61573 6.23416 0.595628
58 19.1912 7.0765 0.226146
59 1.72226 16.1837 -0.00208286
60 0.56757 12.3428 0.429023
61 19.1902 8.18245 -0.344261
62 1.95969 10.2942 0.158052
63 19.8834 4.46899 0.500353
64 1.47395 12.222 0.432643
65 14.384 12.1482 -0.206419
66 1.29094 1.26588 0.387448
67 13.4128 6.02957 -0.546498
68 19.7848 3.23427 0.318009
69 1.18438 1.6376 0.538154
70 1.88148 0.602073 0.34721
71 0.76921 6.92129 -0.105741
72 0.370627 2.15384 0.270188
73 0.60796 10.7458 0.0658243
74 1.15066 5.61531 0.180926
75 0.327243 7.044 -0.45345
76 0.509911 3.84091 -0.0252973
77 19.5351 7.39468 -0.180621
78 19.1196 8.96496 -0.304763
79 19.4318 8.65337 -0.387219
80 1.32858 0.454252 0.280061
81 2.85749 14.888 -0.19964
82 18.2431 6.42641 0.0850303
83 2.7823 16.6004 0.0723857
84 0.379498 3.02574 0.373688
85 0.957917 7.86082 0.053825
86 0.419501 7.51111 0.0444929
87 1.99771 16.1745 0.129001
88 2.61408 15.6532 -0.521178
89 0.757956 8.33542 -0.168911
90 1.41856 7.36962 -0.193809
91 0.545729 8.36716 0.00709279
92 1.31859 11.5222 0.156173
93 1.55942 11.5422 0.311582
94 19.7994 5.58759 0.29003
95 18.7627 9.36331 -0.471585
96 1.19158 2.07776 0.159348
97 19.8408 4.73511 0.181404
98 19.4716 5.21676 0.220562
99 19.3483 7.71079 -0.109268
