100
Particles
0 0.638899 7.14356 -0.105733
1 0.0383857 8.91805 0.00450294
2 0.690225 6.8099 0.13972
3 1.7979 6.88164 -0.134772
4 0.164387 6.78753 0.0877527
5 0.148605 8.99397 0.0138047
6 19.9802 9.39048 0.143126
7 3.69629 16.9242 0.164716
8 4.0878 16.2848 0.108624
9 1.7187 4.41962 0.074602
10 1.75253 8.04913 0.162244
11 1.638 4.25252 0.246873
12 19.3606 6.97514 0.0546271
13 19.4407 7.00454 -0.108783
14 1.92297 12.3653 0.320838
15 19.4941 6.80365 0.265698
16 2.09817 6.54201 -0.0206558
17 1.26805 6.86747 -0.103156
18 2.48215 16.75 0.110375
19 1.96075 15.9043 -0.0655868
20 2.36145 7.00843 -0.0924612
21 3.30822 10.4423 -0.274658
22 1.59396 7.93928 0.246229
23 1.92278 11.7487 0.190768
24 2.37799 12.0165 0.34289
25 2.60032 7.78011 0.226922
26 5.18856 9.65788 -1.47424
27 0.309247 8.1432 -0.251154
28 1.80814 5.69073 0.709631
29 4.90439 9.77101 -1.34405
30 0.432994 8.84656 0.063043
31 2.37518 10.3268 0.31418
32 1.37049 3.17705 0.151454
33 1.73422 3.58323 0.0803667
34 1.64981 7.67418 0.145842
35 0.660086 7.75742 0.185085
36 0.319386 7.46335 -0.130238
37 1.82894 5.46158 0.430847
38 1.7736 7.03628 -0.0555725
39 19.3211 4.57746 -0.0292508
40 18.82 6.91284 -0.24224
41 0.870471 7.73972 0.0427884
42 1.51989 7.75029 0.144306
43 1.14777 7.66158 -0.104628
44 2.68529 10.5471 0.1558
45 3.77201 10.8187 -0.318398
46 1.02381 3.71782 0.229078
47 4.40495 10.722 -1.27841
48 19.3545 5.14995 -0.551672
49 1.63499 8.16078 -0.0563762
50 0.805117 7.60303 0.101044
51 1.68435 7.65324 -0.219935
52 4.14455 9.84357 -1.81774
53 15.5958 6.02653 0.0403453
54 2.74935 16.4926 0.110743
55 0.974314 4.26677 0.0206293
56 2.25482 0.930471 0.238632
57 2.82889 6.33215 0.174273
58 0.426348 7.11956 0.243692
59 2.9287 16.4896 0.313956
60 1.73301 12.759 0.292062
61 0.427151 8.16966 0.2094
62 3.18946 10.2632 -0.170608
63 1.11489 4.56106 0.217399
64 2.65903 12.5288 0.169306
65 15.625 12.0223 -0.0251283
66 2.48414 1.44746 -0.249588
67 14.6102 5.72966 -0.259276
68 1.00675 3.38307 -0.0256406
69 2.41836 1.65854 -0.246486
70 3.10508 0.714122 -0.158576
71 2.00043 6.89916 -0.0857155
72 1.57657 2.21612 -0.201532
73 1.83537 10.8799 0.295988
74 2.28656 6.11255 0.229956
75 1.55906 7.21769 0.03704
76 1.72003 4.07679 0.157284
77 0.77844 7.41334 -0.0744308
78 0.348258 8.7628 -0.299935
79 0.626625 8.55013 0.156205
80 2.52981 0.605734 -0.257861
81 4.04962 14.6071 -0.0700987
82 19.4817 6.55677 0.262103
83 4.01769 16.5364 -0.146721
84 1.61192 3.06204 0.284273
85 2.18489 7.80889 0.181562
86 1.66053 7.47138 -0.229638
87 3.21795 16.3675 0.335577
88 3.83783 15.4999 0.101145
89 1.97732 8.17514 -0.201476
90 2.64533 7.2905 -0.0947221
91 1.76324 8.49122 0.231151
92 2.54068 11.7188 0.108332
93 2.72618 11.8616 0.529395
94 0.927833 6.08029 0.235243
95 19.9589 9.1453 0.0649349
96 2.42714 2.05953 0.15059
97 1.0534 4.95247 0.0789415
98 0.504666 5.88024 0.445201
99 0.579667 7.57075 -0.0223148
