100
Particles
0 1.87288 7.2283 -0.0998538
1 1.26552 9.02911 0.051196
2 1.90849 6.69706 -0.291628
3 3.03387 6.78009 -0.0879563
4 1.39284 6.63219 -0.281359
5 1.38005 9.05526 0.110871
6 1.18918 9.45806 -0.133062
7 4.87151 17.3116 0.39857
8 5.28342 16.6203 0.309191
9 2.92314 4.65462 0.465614
10 2.98432 8.06798 -0.173342
11 2.81255 4.6717 0.429163
12 0.581654 7.09735 0.206986
13 0.665311 7.17152 0.104968
14 3.1344 12.6301 0.201936
15 0.720304 6.81037 0.177131
16 3.31433 6.68058 -0.14575
17 2.49497 6.74893 0.232162
18 3.70373 16.8954 -0.124699
19 3.19962 15.98 0.0931397
20 3.57966 7.11111 -0.0256323
21 4.54443 10.3468 0.0146511
22 2.82424 8.04462 0.171633
23 3.09476 12.1703 0.204144
24 3.60284 12.2084 0.0672439
25 3.81201 8.0532 0.15075
26 5.37952 8.48242 -1.89058
27 1.54573 8.02628 -0.0722761
28 3.03756 5.66524 -0.0830525
29 4.99442 8.54933 -1.68418
30 1.67393 8.87123 0.063688
31 3.61524 10.2686 -0.23633
32 2.56105 3.54128 0.437114
33 2.89507 4.0034 0.366515
34 2.87933 7.83086 0.342566
35 1.89252 7.73432 -0.202119
36 1.54531 7.42036 -0.244583
37 3.03876 5.63815 0.340046
38 3.0015 6.94985 -0.186579
39 0.414068 3.99293 -0.552348
40 0.0391932 7.05077 0.250864
41 2.09719 7.74844 -0.105133
42 2.74103 7.81056 -0.136158
43 2.37177 7.76505 0.311742
44 3.89162 10.692 -0.296149
45 4.95792 10.5419 0.0668615
46 2.22457 4.03483 0.204679
47 5.4253 10.1462 -0.0812629
48 0.320283 4.39274 -0.832193
49 2.86544 8.24008 0.163705
50 2.03458 7.67848 -0.0533807
51 2.91053 7.69615 -0.244734
52 4.17693 8.59916 -1.47945
53 16.8153 5.84622 -0.106037
54 3.99525 16.4316 -0.0191204
55 2.21448 4.39232 1.90706e-05
56 3.48084 0.779715 0.00133519
57 4.04715 6.51951 0.142532
58 1.65921 7.20068 0.308383
59 4.1642 16.6633 0.0847119
60 2.97349 12.8717 0.0290463
61 1.65251 8.35949 0.0517572
62 4.42418 10.3384 -0.20585
63 2.32219 4.73614 0.153221
64 3.87988 12.7271 0.00740434
65 16.8236 11.7713 -0.507802
66 3.71517 1.44738 -0.331508
67 15.7269 5.19582 -0.668974
68 2.19299 3.68872 0.347367
69 3.59802 1.49531 -0.361944
70 4.32548 0.603672 0.162323
71 3.24175 6.78072 -0.195566
72 2.7865 1.94366 -0.407654
73 3.05552 11.0262 0.0128676
74 3.53191 6.19996 0.0152815
75 2.78689 7.22704 0.16043
76 2.91776 4.36406 0.378518
77 2.02 7.49253 0.145526
78 1.56787 8.82899 0.264688
79 1.86563 8.50095 -0.104674
80 3.7614 0.451631 -0.0184015
81 5.25429 14.8636 0.0994311
82 0.700502 6.61127 0.21399
83 5.1986 16.7982 -0.0466287
84 2.8268 3.14151 0.113056
85 3.43181 7.80412 -0.0155948
86 2.88736 7.42557 -0.192559
87 4.40412 16.7209 0.525941
88 5.0135 15.7904 0.203779
89 3.20829 8.21431 -0.181107
90 3.86233 7.40144 -0.223901
91 2.99754 8.52122 0.0880502
92 3.67428 12.2239 0.45934
93 3.90647 12.1987 0.514045
94 2.12591 6.18888 -0.0536331
95 1.18415 9.29164 -0.0354052
96 3.654 1.9305 -0.108428
97 2.28317 4.98273 -0.202532
98 1.69738 6.18198 0.183504
99 1.80868 7.71502 0.22108
