100
Particles
0 3.09823 7.25307 -0.111397
1 2.49019 8.96135 0.0201294
2 3.15301 6.62588 0.0600899
3 4.26166 6.77052 0.0554326
4 2.62307 6.75162 -0.151725
5 2.60409 8.93059 -0.263976
6 2.41512 9.37169 0.0156797
7 6.10729 17.4328 0.314726
8 6.46258 16.9944 0.348469
9 4.09644 5.0222 0.605713
10 4.19153 7.84728 -0.471907
11 3.90051 5.25543 0.583577
12 1.80903 7.31279 0.180787
13 1.89058 7.02319 -0.263605
14 4.31433 12.9498 0.526857
15 1.94078 6.9063 0.212592
16 4.54241 6.55711 0.173114
17 3.72418 6.66059 -0.0715223
18 4.91447 17.1075 0.459753
19 4.4203 16.2036 0.229821
20 4.77192 7.00989 -0.510806
21 5.78609 10.445 0.208301
22 4.04267 7.81028 -0.0837813
23 4.29942 12.4705 0.128281
24 4.83136 12.3889 0.0054352
25 5.05204 7.91512 -0.171938
26 5.77126 7.6306 -0.304354
27 2.77575 7.90267 0.0694929
28 4.26155 5.79863 0.173187
29 5.5931 7.61814 -0.508059
30 2.91531 8.93721 0.117168
31 4.84938 10.1199 -0.112861
32 3.63372 4.16837 0.46029
33 4.04086 4.43933 0.581692
34 4.11898 7.73994 -0.179341
35 3.13117 7.75882 0.0715833
36 2.76893 7.36625 0.11667
37 4.22696 5.91289 -0.169739
38 4.21687 6.88982 -0.074965
39 1.21281 3.04312 -0.793956
40 1.27594 7.04756 0.0939534
41 3.32052 7.69361 0.117526
42 3.96099 7.70215 -0.152374
43 3.59391 7.7969 -0.166598
44 5.11894 10.6094 -0.292843
45 6.1882 10.3955 -0.282989
46 3.36133 4.52877 0.316855
47 6.65768 10.2659 0.0709384
48 1.07739 3.40353 -1.03495
49 4.09647 8.11058 -0.0808058
50 3.25418 7.5585 -0.0522867
51 4.1348 7.47565 -0.318298
52 5.12106 7.89072 -0.415422
53 18.0552 5.82693 -0.209789
54 5.21226 16.5872 -0.0584171
55 3.32765 4.9164 0.223693
56 4.71356 0.744708 -0.119454
57 5.27421 6.49939 -0.312837
58 2.89982 7.29818 0.0772983
59 5.36091 16.9458 0.0925227
60 4.14346 13.2122 -0.00796501
61 2.88383 8.43777 -0.105904
62 5.65547 10.2449 0.189512
63 3.48242 5.13516 0.685379
64 5.05153 13.1257 0.1172
65 17.9593 11.3276 -0.127093
66 4.94212 1.28305 -0.277023
67 16.3906 4.15519 -0.79649
68 3.38053 4.00686 0.428166
69 4.79883 1.27659 -0.358703
70 5.55682 0.530278 -0.292074
71 4.46403 6.54317 -0.0789426
72 4.0097 1.80462 0.112538
73 4.27493 11.0694 0.26805
74 4.76941 6.2561 0.187754
75 3.99098 7.06995 -0.373917
76 4.00006 4.97075 0.305093
77 3.25298 7.52688 0.0255192
78 2.79813 8.65177 -0.0944857
79 3.1099 8.50625 0.113811
80 4.99753 0.383105 -0.0202944
81 6.40015 15.3436 0.458964
82 1.93115 6.76208 0.195727
83 6.37674 17.0985 -0.0710735
84 3.98711 3.54451 0.423775
85 4.64061 7.65496 -0.0522574
86 4.1264 7.33556 -0.219985
87 5.62846 16.8891 -0.0587288
88 6.19652 16.1615 0.0698862
89 4.41155 7.98189 -0.255319
90 5.09099 7.22314 -0.0541854
91 4.21679 8.5087 -0.329682
92 4.87058 12.5124 0.408679
93 5.10987 12.506 0.132645
94 3.35816 6.27492 -0.00656391
95 2.40966 9.10239 -0.233616
96 4.85535 1.71976 0.0222923
97 3.39402 5.5452 0.405243
98 2.89213 6.26385 0.451392
99 3.0439 7.71997 0.179037
