100
Particles
0 4.32546 7.32164 0.252707
1 3.71962 8.75798 -0.166714
2 4.3904 6.63288 -0.136574
3 5.49829 6.68328 -0.168359
4 3.85737 6.76327 0.104058
5 3.79712 8.77815 -0.528483
6 3.63492 9.18364 -0.390589
7 7.32085 17.63 0.446605
8 7.6962 17.1279 -0.0369924
9 5.22884 5.47998 0.303282
10 5.41874 7.77329 0.184729
11 4.9929 5.84473 0.453967
12 3.03713 7.47428 0.0594194
13 3.13015 7.02529 0.116482
14 5.52208 13.181 0.0346217
15 3.15774 7.05989 0.0306495
16 5.76903 6.48476 -0.2045
17 4.95016 6.47757 -0.205338
18 6.0945 17.4325 -0.0722966
19 5.54395 16.6812 0.604773
20 6.00434 6.96169 -0.204341
21 6.99674 10.6732 0.416867
22 5.25429 7.66596 -0.187792
23 5.53327 12.5111 -0.197713
24 6.06134 12.4793 0.222216
25 6.28247 7.80161 -0.323321
26 6.95319 7.31239 -0.025333
27 4.00428 7.73104 -0.0690754
28 5.45344 6.14041 0.273113
29 6.77163 7.35105 -0.244096
30 4.13309 8.7927 0.00049199
31 6.07999 10.2057 -0.149949
32 4.81808 4.55664 0.439071
33 5.13745 4.98691 0.603628
34 5.3487 7.55045 -0.198651
35 4.36048 7.71806 -0.27582
36 4.00953 7.42065 0.225661
37 5.45322 6.02033 -0.183152
38 5.44492 6.82112 -0.223317
39 1.88662 2.00586 -1.01156
40 2.49345 7.15024 -0.18889
41 4.53741 7.68283 -0.164965
42 5.19232 7.78905 0.0910939
43 4.82451 7.66142 0.087835
44 6.34095 10.7613 0.17488
45 7.40557 10.6524 0.242065
46 4.46427 5.09181 0.283525
47 7.87064 10.4215 0.299994
48 1.76566 2.37783 -1.14278
49 5.30664 7.91952 -0.159818
50 4.48042 7.58234 -0.306401
51 5.35999 7.4675 0.159785
52 6.34951 7.75114 0.108565
53 19.1576 5.26469 -0.513792
54 6.38698 16.9532 0.134083
55 4.39086 5.55933 0.380128
56 5.95824 0.698157 -0.0577728
57 6.50835 6.57551 0.180765
58 4.12831 7.27635 -0.286602
59 6.59664 17.0741 0.0795701
60 5.34609 13.4063 -0.0787067
61 4.11085 8.39868 -0.159976
62 6.89467 10.305 -0.0869113
63 4.63056 5.57721 0.071215
64 6.29175 13.2166 0.151055
65 19.1436 11.5992 0.578528
66 6.16554 1.09755 0.0918993
67 17.2786 3.28098 -0.783418
68 4.44673 4.60071 0.23891
69 5.99787 0.949725 -0.195301
70 6.77931 0.42895 -0.394784
71 5.70207 6.39162 -0.195094
72 5.2196 1.56539 -0.002208
73 5.48052 11.2553 0.397651
74 5.98562 6.41099 0.216881
75 5.21254 6.91585 -0.253947
76 5.14358 5.40923 0.456249
77 4.49842 7.60217 0.00700658
78 4.03043 8.56183 -0.0753839
79 4.32717 8.48098 0.0166092
80 6.22006 0.201758 -0.00241083
81 7.55808 15.0446 -0.646321
82 3.17097 6.87535 0.129594
83 7.6016 17.2529 0.0256465
84 5.21282 3.75738 0.0137558
85 5.87452 7.60585 -0.0792656
86 5.35286 7.21275 -0.316862
87 6.82307 17.1928 0.100304
88 7.40444 16.3888 0.236037
89 5.6248 7.74359 -0.0992055
90 6.32302 7.14289 0.184034
91 5.42074 8.23395 -0.122064
92 6.06714 12.8361 0.061882
93 6.3408 12.6024 0.350207
94 4.60545 6.22125 -0.0866909
95 3.6395 8.92505 -0.0675808
96 6.06455 1.45327 -0.267065
97 4.56892 5.95608 0.430931
98 4.1151 6.46698 0.141891
99 4.28437 7.69954 0.0541696
