100
Particles
0 5.55593 7.21932 0.10664
1 4.93645 8.57084 -0.0134671
2 5.6217 6.63107 0.0394664
3 6.71027 6.64378 -0.351578
4 5.09262 6.68523 -0.170553
5 5.01031 8.53721 -0.182584
6 4.85543 8.93182 -0.190168
7 8.54674 17.773 -0.000384899
8 8.93919 17.1273 0.151888
9 6.46781 5.48568 -0.00318202
10 6.62806 7.55946 -0.344959
11 6.19474 5.92224 -0.290541
12 4.27129 7.51204 0.172972
13 4.36858 6.95291 -0.293367
14 6.74177 13.0409 -0.273315
15 4.38964 7.0186 0.0282977
16 6.98922 6.30237 -0.379938
17 6.19179 6.39143 0.0259442
18 7.306 17.7092 0.158324
19 6.74916 16.8987 0.20651
20 7.22913 6.78501 -0.0819445
21 8.20992 10.944 0.119062
22 6.47248 7.40506 -0.055646
23 6.75642 12.4133 -0.0512039
24 7.27387 12.4578 -0.35821
25 7.49653 7.58725 -0.433968
26 8.195 7.28311 0.14604
27 5.2512 7.70369 -0.0518718
28 6.67935 6.10582 -0.00822962
29 8.00418 7.19711 -0.122074
30 5.3236 8.47107 -0.105744
31 7.25231 10.3932 0.519112
32 5.96972 4.9934 0.413557
33 6.32927 5.26995 -0.0789159
34 6.57254 7.45551 -0.0979623
35 5.58244 7.60877 -0.107078
36 5.23687 7.48629 0.136332
37 6.69143 6.05152 0.0418143
38 6.63924 6.60669 -0.432144
39 2.50417 0.935191 -1.07443
40 3.72671 7.18312 -0.261288
41 5.75461 7.43158 -0.358328
42 6.38788 7.57356 -0.407281
43 6.02695 7.4801 -0.357153
44 7.54724 10.9069 0.482517
45 8.51882 11.1862 0.398268
46 5.6713 5.30858 0.0866921
47 9.06884 10.7361 0.424605
48 2.32219 1.2632 -1.07135
49 6.53026 7.78557 0.0358174
50 5.68409 7.36559 -0.41685
51 6.60282 7.41024 -0.068377
52 7.5764 7.56592 -0.146254
53 0.126475 4.51856 -0.820594
54 7.61464 17.0527 0.29229
55 5.61094 5.7414 0.322724
56 7.1724 0.518667 -0.370968
57 7.74202 6.42997 0.0426372
58 5.34904 7.2273 -0.154757
59 7.83408 17.1338 -0.0870011
60 6.56811 13.2251 -0.248198
61 5.33314 8.2778 -0.29927
62 8.07311 10.7209 0.368548
63 5.85551 5.75571 0.24616
64 7.53022 13.1021 0.052317
65 0.094918 12.4013 0.813727
66 7.39971 0.946051 -0.196039
67 17.9096 2.20821 -1.17928
68 5.61228 5.0234 0.36628
69 7.21047 1.01085 0.223823
70 8.01841 0.398978 -0.00782223
71 6.93477 6.43117 0.169841
72 6.45346 1.42528 -0.170911
73 6.69106 11.5288 0.253729
74 7.22146 6.28212 0.0166138
75 6.44022 6.75677 -0.133145
76 6.35599 5.62145 0.172477
77 5.71862 7.49944 -0.281561
78 5.24959 8.38202 -0.437011
79 5.51594 8.16729 -0.440329
80 7.43175 0.0368815 0.126842
81 8.70484 14.5589 -0.319411
82 4.39767 6.96852 0.0599546
83 8.81978 17.4745 0.0738662
84 6.39996 4.0884 0.111759
85 7.10202 7.4433 0.0833877
86 6.57646 6.98842 -0.128186
87 8.06092 17.3122 0.158865
88 8.62884 16.5909 0.250693
89 6.86854 7.78555 -0.0460554
90 7.54229 6.91171 -0.0338463
91 6.65348 8.16346 -0.124368
92 7.28648 12.6385 -0.0618801
93 7.57319 12.4227 -0.202313
94 5.81336 6.30185 -0.0947408
95 4.83439 8.59925 -0.0540278
96 7.2545 1.2003 -0.223433
97 5.78992 6.02983 -0.272075
98 5.34028 6.50448 -0.124317
99 5.52109 7.66569 -0.196239
