100
Particles
0 6.79189 7.1108 -0.233504
1 6.16732 8.47356 -0.00221643
2 6.85189 6.69931 -0.240398
3 7.92638 6.47289 -0.286192
4 6.31938 6.53675 -0.0646979
5 6.22092 8.45333 0.290439
6 6.0896 8.85872 -0.0814582
7 9.73584 18.0521 0.595499
8 10.1336 17.4707 0.290794
9 7.70827 5.57714 0.226497
10 7.87729 7.58001 0.0768751
11 7.42843 5.88994 0.0392399
12 5.49714 7.41449 0.145266
13 5.59208 7.08737 0.387253
14 7.93255 12.7769 -0.442876
15 5.62989 6.99984 -0.190205
16 8.22021 6.24384 -0.230994
17 7.39876 6.37968 0.222382
18 8.5296 17.8207 0.292479
19 7.97129 17.054 -0.153752
20 8.47057 6.65095 -0.090592
21 9.42119 11.1932 0.057409
22 7.71723 7.34984 -0.0590349
23 7.91522 12.0327 -0.625077
24 8.48408 12.345 -0.36854
25 8.73499 7.54857 -0.169128
26 9.42991 7.20757 0.0570378
27 6.48814 7.64298 -0.0653036
28 7.91148 6.21566 0.295971
29 9.22528 7.00578 -0.224696
30 6.55396 8.35402 0.0817266
31 8.43289 10.6234 -0.0244708
32 7.21154 4.94712 -0.172962
33 7.57321 5.33292 -0.00271189
34 7.77756 7.25958 -0.315609
35 6.80608 7.39201 -0.0849905
36 6.46021 7.51571 0.277312
37 7.92647 6.19183 0.151916
38 7.86248 6.59111 -0.31834
39 2.93212 19.7745 -1.37148
40 4.96249 7.25698 0.255745
41 6.99677 7.33445 -0.179381
42 7.6063 7.42903 -0.306721
43 7.25065 7.39794 0.183367
44 8.76196 11.1737 0.0595623
45 9.71763 11.506 0.427608
46 6.88092 5.46588 -0.271801
47 10.2951 10.9722 0.129801
48 2.85512 0.140656 -0.995618
49 7.74903 7.6043 0.0649893
50 6.91696 7.35507 -0.339087
51 7.77292 7.00239 -0.295704
52 8.80762 7.48378 -0.212099
53 1.08358 3.71725 -0.73666
54 8.84196 17.1335 0.411035
55 6.83865 5.92097 0.130099
56 8.33873 0.154317 -0.491037
57 8.96853 6.27118 0.0608574
58 6.58875 7.25338 0.215129
59 9.03316 17.4564 0.127893
60 7.78671 13.0435 -0.152237
61 6.56962 8.22204 0.117164
62 9.21085 11.1968 0.128822
63 7.09025 5.8649 0.317582
64 8.72236 12.8116 -0.285522
65 0.542837 13.5334 1.57708
66 8.56378 0.5085 -0.427265
67 18.2474 1.03438 -1.50552
68 6.84405 5.16857 0.276381
69 8.42053 0.909291 -0.452119
70 9.1695 19.9256 -0.295913
71 8.14158 6.17838 0.00272175
72 7.67516 1.53288 -0.0936615
73 7.92714 11.4159 -0.0948311
74 8.45406 6.22515 -0.0701519
75 7.66765 6.57171 -0.223034
76 7.58315 5.59323 -0.168822
77 6.93387 7.27203 -0.324872
78 6.47947 8.28725 0.0106437
79 6.74675 8.00599 -0.265607
80 8.58162 19.6033 -0.0865984
81 9.90645 14.2561 -0.0285993
82 5.60267 6.97492 0.235048
83 10.0072 17.8365 0.156505
84 7.52212 3.58605 -0.502641
85 8.33151 7.40961 0.180891
86 7.78703 6.81622 0.24575
87 9.24961 17.6324 0.0839639
88 9.80118 16.987 0.321822
89 8.09378 7.60343 -0.381308
90 8.76581 6.75419 -0.233988
91 7.88683 8.10746 -0.125822
92 8.48311 12.332 -0.355487
93 8.76133 12.0724 -0.346261
94 7.05266 6.27807 -0.202836
95 6.05875 8.38699 -0.123648
96 8.49803 1.18526 0.122222
97 7.02317 6.07619 0.282876
98 6.57283 6.68478 0.192677
99 6.74173 7.68311 0.133424
