100
Particles
0 8.01937 7.1554 -0.148239
1 7.40804 8.54695 -0.106127
2 8.08648 6.70189 -0.0349546
3 9.14722 6.72191 0.0470615
4 7.52711 6.76252 0.351417
5 7.45656 8.51888 0.256672
6 7.31931 8.87486 -0.247379
7 10.9529 18.2638 0.257354
8 11.3432 17.7006 0.246875
9 8.93901 5.70407 -0.141525
10 9.10877 7.58174 0.24802
11 8.65273 5.99587 0.267022
12 6.71823 7.49644 0.133021
13 6.82313 7.14468 -0.0875391
14 9.13917 12.4975 -0.0523129
15 6.86092 7.14544 0.117375
16 9.45891 6.29298 -0.0933965
17 8.641 6.40522 -0.00115743
18 9.75555 17.8829 0.240253
19 9.14843 17.2747 -0.333078
20 9.7049 6.51139 0.0697603
21 10.6611 11.2974 0.0360572
22 8.92687 7.09559 -0.18266
23 9.08742 11.6151 -0.326053
24 9.67925 12.0557 -0.592872
25 9.95636 7.56409 0.182994
26 10.6579 7.04612 -0.0800752
27 7.71844 7.7113 0.127297
28 9.15172 6.33727 0.0598031
29 10.4576 6.99933 0.0319338
30 7.78776 8.37165 -0.289688
31 9.6544 10.8167 0.173874
32 8.44677 4.86514 0.130812
33 8.79811 5.31714 -0.195916
34 9.01005 7.17386 -0.179486
35 8.02268 7.29952 0.0425958
36 7.6848 7.43308 -0.279995
37 9.15359 6.22261 -0.049865
38 9.08537 6.36913 -0.288046
39 3.39029 18.6302 -1.34438
40 6.17903 7.42044 0.173545
41 8.23903 7.32391 0.0165361
42 8.81341 7.50937 0.319502
43 8.47564 7.34202 0.11794
44 9.98871 11.2078 0.15632
45 10.8949 11.7868 0.362814
46 8.10581 5.5303 0.108592
47 11.5214 11.1984 0.104827
48 3.35567 19.0024 -1.26312
49 8.9853 7.52068 -0.0407589
50 8.1472 7.32742 0.112805
51 9.00281 6.93091 0.250685
52 10.0277 7.48372 0.0989811
53 2.19087 3.15101 -0.53696
54 10.0794 17.244 0.158664
55 8.06615 6.09916 0.123487
56 9.49812 19.7385 -0.604285
57 10.2124 6.31821 -0.00219668
58 7.81872 7.28907 0.047749
59 10.2553 17.6802 0.296628
60 8.98547 12.7229 -0.0493552
61 7.80226 8.37359 0.121065
62 10.4492 11.2652 -0.0274273
63 8.33539 5.85366 -0.104775
64 9.89478 12.4109 -0.439684
65 0.76349 14.7554 1.23356
66 9.74419 0.158435 -0.369659
67 18.0037 19.8168 -1.6457
68 8.07522 5.26684 0.10567
69 9.59482 0.52076 -0.0688543
70 10.3743 19.6208 -0.232213
71 9.37671 6.01675 0.0159603
72 8.87019 1.19582 -0.133857
73 9.1617 11.2795 -0.178156
74 9.68179 6.19415 -0.071646
75 8.89985 6.62321 0.0234936
76 8.79339 5.62729 0.335444
77 8.16839 7.38956 -0.0513361
78 7.71862 8.39638 0.146357
79 7.97614 7.95832 0.000329792
80 9.78356 19.2929 -0.158401
81 11.1407 14.1588 0.141859
82 6.80656 7.22279 0.383998
83 11.1791 18.2316 0.490648
84 8.7235 3.2623 -0.121256
85 9.56148 7.55098 0.307065
86 9.03107 6.75412 -0.0891588
87 10.4873 17.6631 -0.204283
88 11.0203 17.0784 -0.144198
89 9.31816 7.68765 0.315545
90 10.0002 6.69571 -0.0110076
91 9.10255 7.9193 -0.13587
92 9.65207 11.9575 -0.507513
93 9.97664 11.9833 0.173967
94 8.27645 6.33579 -0.0621232
95 7.28946 8.32894 -0.230619
96 9.63528 0.69378 -0.150638
97 8.26547 5.96189 0.0127371
98 7.80406 6.82174 0.0223574
99 7.98523 7.64007 -0.0592514
