100
Particles
0 9.26402 7.13552 -0.0701915
1 8.65114 8.56014 -0.180228
2 9.29999 6.85242 0.046073
3 10.376 6.79051 -0.188989
4 8.74317 6.88143 0.375018
5 8.68012 8.69266 0.294708
6 8.55322 8.7036 0.00646429
7 12.194 18.3367 0.204104
8 12.586 17.7894 0.189041
9 10.1709 5.79518 0.0978255
10 10.3404 7.7524 0.156125
11 9.86454 6.17261 0.00289607
12 7.91884 7.72496 -0.0961477
13 8.04302 7.24073 -0.108363
14 10.3333 12.2062 -0.408542
15 8.09748 7.28688 0.075538
16 10.6743 6.20404 0.294726
17 9.84267 6.49284 0.383712
18 10.977 18.1436 0.255323
19 10.3756 17.105 -0.0519627
20 10.9354 6.40492 -0.275381
21 11.8846 11.128 -0.365443
22 10.1605 7.09109 -0.0338745
23 10.3254 11.5387 -0.0214812
24 10.8973 11.8532 0.0942566
25 11.1757 7.44932 -0.132182
26 11.8603 7.3796 0.287671
27 8.94638 7.55869 -0.119475
28 10.3799 6.41227 -0.0773927
29 11.6912 7.00811 0.247124
30 9.00718 8.36244 0.106612
31 10.8857 10.9142 0.13347
32 9.67606 4.87328 -0.216585
33 10.0336 5.25751 0.193117
34 10.245 7.3025 -0.0158397
35 9.25612 7.36791 0.0983205
36 8.91925 7.37821 -0.0531175
37 10.3874 6.27505 0.0390448
38 10.3112 6.51864 0.34465
39 3.82999 17.4713 -1.04967
40 7.34857 7.7841 -0.0624012
41 9.48442 7.34227 -0.0825735
42 10.0293 7.61114 -0.124072
43 9.70764 7.49722 0.210731
44 11.2133 11.0662 -0.0320716
45 12.1238 11.8432 -0.158654
46 9.28868 5.92164 0.37967
47 12.7239 11.1017 -0.319548
48 3.83019 17.8542 -1.03759
49 10.2139 7.71955 0.00469246
50 9.38141 7.36618 0.133696
51 10.224 6.90893 0.318653
52 11.2414 7.55189 -0.116932
53 2.87811 2.11804 -0.967738
54 11.2993 17.1472 -0.354038
55 9.31311 6.10774 -0.0865217
56 10.6978 19.4556 -0.327433
57 11.4491 6.36521 0.0138605
58 9.04381 7.43676 0.278457
59 11.4832 17.8511 0.166573
60 10.1724 12.4287 0.0800323
61 9.02356 8.36819 0.218376
62 11.6696 11.2413 0.0403199
63 9.55399 6.02359 0.250469
64 11.1068 12.2704 0.0263996
65 1.58761 15.6839 0.729792
66 10.9651 0.0133607 -0.238456
67 17.9556 18.5715 -1.53769
68 9.31009 5.30013 0.307025
69 10.8006 0.284818 0.015966
70 11.6038 19.638 -0.0561509
71 10.6233 6.04678 -0.0926439
72 10.1155 1.18639 0.051081
73 10.3907 11.1117 -0.0809847
74 10.9067 6.11219 0.20842
75 10.1183 6.82893 0.247858
76 10.0224 5.75465 0.0440628
77 9.38617 7.60882 0.310915
78 8.95054 8.30375 -0.0388502
79 9.19776 7.83198 0.248078
80 10.9907 19.0413 0.0186333
81 12.1919 14.7979 0.461303
82 8.01127 7.31834 -0.232645
83 12.4032 18.3688 -0.158727
84 9.91134 2.95615 -0.601077
85 10.7865 7.59338 -0.0986361
86 10.252 6.92211 -0.00929563
87 11.7072 17.7436 0.0953016
88 12.232 17.2265 0.265757
89 10.5513 7.66289 -0.016709
90 11.2312 6.56657 -0.215465
91 10.3158 8.17722 -0.0129473
92 10.8511 11.6729 -0.238634
93 11.2024 11.8857 0.0854894
94 9.5004 6.51162 -0.055932
95 8.51722 8.20112 0.0830855
96 10.8542 0.442076 -0.368313
97 9.50445 6.07512 -0.0473211
98 9.00952 7.13183 0.240161
99 9.22341 7.75475 -0.0201201
