100
Particles
0 2.39518 19.3834 -0.261595
1 2.35239 19.0831 0.0229436
2 2.35501 19.5198 0.06407
3 2.35711 19.9509 0.188226
4 2.36437 18.6613 -0.0535765
5 2.30573 19.6144 0.145379
6 2.3276 19.4593 -0.167992
7 2.44165 0.209682 -0.345583
8 2.37188 19.7955 0.0519128
9 2.36811 19.3531 -0.100768
10 2.36211 0.0885096 -0.145776
11 2.40965 19.655 -0.000820851
12 2.3291 19.1028 0.206611
13 2.43571 19.3611 0.123071
14 2.30846 0.0549143 -0.281901
15 2.31696 18.8879 -0.379718
16 2.3804 0.115354 0.0615429
17 2.32824 19.111 -0.114881
18 2.31429 18.8659 0.18789
19 2.36841 19.1329 0.0277814
20 2.41064 19.5361 -0.0849152
21 2.3733 19.119 -0.385612
22 2.34031 19.3034 0.101759
23 2.37244 19.5729 -0.00920778
24 2.37777 19.721 0.0377128
25 2.27273 18.583 0.0889732
26 2.40936 19.3733 0.000487725
27 2.27002 18.8151 -0.323781
28 2.33798 19.7091 0.198074
29 2.41356 19.8587 -0.102888
30 2.36014 19.6873 -0.198037
31 2.40015 19.6377 -0.247392
32 2.42129 19.3518 -0.151286
33 2.35321 19.699 -0.0539522
34 2.29311 19.2273 -0.133081
35 2.29559 19.609 -0.0471783
36 2.32204 18.3748 0.105799
37 2.28164 18.6914 -0.284398
38 2.32858 19.6469 -0.0602395
39 2.37579 19.0776 -0.301441
40 2.35344 18.5705 -0.214216
41 2.35457 19.0255 -0.133885
42 2.36632 19.7226 0.214961
43 2.4108 0.155755 0.120989
44 2.40337 19.6822 -0.118714
45 2.42335 19.5532 -0.207447
46 2.38941 18.6624 -0.117396
47 2.419 0.40522 -0.252628
48 2.3354 18.5685 -0.234467
49 2.38633 19.7038 -0.382553
50 2.40216 18.9465 0.0623683
51 2.3554 18.9832 0.00279372
52 2.37464 19.9572 0.101818
53 2.28481 18.6938 0.0212933
54 2.26101 17.961 -0.2471
55 2.37228 19.1515 -0.311953
56 2.366 18.4372 -0.162989
57 2.34927 19.5676 -0.194171
58 2.36245 18.8608 -0.0809204
59 2.35878 18.6963 -0.394208
60 2.34527 19.2394 -0.331316
61 2.34426 19.1812 -0.378061
62 2.33798 0.262486 0.0371259
63 2.35486 19.7458 -0.0477544
64 2.26993 0.206272 -0.399245
65 2.35057 19.4937 0.115536
66 2.40416 19.2489 0.184742
67 2.34405 0.149899 -0.0450078
68 2.38275 18.9707 -0.16795
69 2.39444 19.1863 -0.263512
70 2.39022 19.995 -0.245053
71 2.40715 19.6944 -0.253589
72 2.37294 19.0306 -0.350663
73 2.42536 19.7542 -0.259097
74 2.32172 19.6451 -0.40811
75 2.40249 19.4324 0.0997896
76 2.39289 19.473 -0.225794
77 2.34947 19.0709 -0.17803
78 2.3521 19.2558 -0.187636
79 2.37302 19.1141 -0.150265
80 2.32972 19.061 -0.313836
81 2.36518 18.8759 0.0612182
82 2.39796 19.1236 -0.0462282
83 2.34391 19.3399 -0.0379444
84 2.34491 18.7588 0.171506
85 2.38388 19.2774 -0.237141
86 2.30466 19.704 -0.260592
87 2.33828 18.5948 0.180286
88 2.41826 18.9528 -0.135711
89 2.30423 18.4289 -0.0695989
90 2.35358 18.7954 -0.197425
91 2.38935 19.5077 -0.387523
92 2.39896 19.4897 -0.393607
93 2.34258 19.6367 -0.211681
94 2.28735 19.5758 -0.283882
95 2.35797 19.2586 -0.394608
96 2.33143 18.2342 -0.39749
97 2.35737 19.7314 -0.114888
98 2.35887 19.346 -0.136684
99 2.35771 19.629 0.0668259
