100
Particles
0 10.4811 7.27994 -0.16346
1 9.88621 8.6885 0.177436
2 10.5293 6.81785 -0.0354284
3 11.616 6.88288 0.0346779
4 9.97517 6.90846 -0.131223
5 9.89519 8.66009 -0.314618
6 9.77514 8.71844 0.105062
7 13.4164 18.4326 -0.172708
8 13.8202 17.7852 0.161116
9 11.4072 5.84549 -0.0236252
10 11.5572 7.86725 0.10983
11 11.0843 6.32806 0.276458
12 9.14011 7.5027 -0.0353604
13 9.21357 6.88907 -0.322243
14 11.5563 12.1879 0.281864
15 9.31304 7.0468 -0.144051
16 11.9092 6.22717 0.226937
17 11.0622 6.48321 -0.308858
18 12.1853 18.4314 0.246199
19 11.359 16.3716 -0.998864
20 12.1585 6.38466 0.0093373
21 13.1098 10.9349 -0.362312
22 11.3942 7.1612 0.0304662
23 11.5613 11.395 -0.0627116
24 12.13 11.759 0.110206
25 12.4158 7.40906 0.15726
26 13.0858 7.51676 0.334029
27 10.1718 7.62637 0.119404
28 11.5986 6.29786 -0.239955
29 12.9142 7.17602 -0.0423734
30 10.2343 8.14751 -0.0435644
31 12.0304 10.437 -0.514312
32 10.8913 5.03546 0.175629
33 11.2714 5.2659 -0.0387568
34 11.4702 7.2734 0.270731
35 10.485 7.46147 0.00675497
36 10.1306 7.07612 -0.236474
37 11.6276 6.32197 0.106314
38 11.5321 6.60677 0.238861
39 4.32711 16.3313 -1.1819
40 8.56715 7.51185 -0.301196
41 10.7063 7.25722 -0.240439
42 11.2758 7.61956 -0.00424881
43 10.9247 7.45386 -0.235901
44 12.4265 10.7868 -0.192118
45 13.3623 11.7272 -0.021393
46 10.514 6.00839 0.312903
47 13.9438 11.0273 0.179573
48 4.21089 16.6665 -1.21651
49 11.4561 7.69251 0.180127
50 10.6011 7.27795 -0.119863
51 11.4556 6.7944 -0.0697206
52 12.4586 7.76447 0.117081
53 3.54652 1.08232 -0.75182
54 12.5281 17.2403 0.250539
55 10.5408 6.23301 0.194149
56 11.917 19.2891 -0.0959328
57 12.6881 6.43273 -0.0583375
58 10.2826 7.44241 0.0618028
59 12.6786 18.1319 0.148712
60 11.3905 12.6579 0.396421
61 10.2584 8.3927 -0.235165
62 12.8763 10.9694 0.0244666
63 10.7856 6.16229 0.111453
64 12.3442 12.3714 0.19764
65 2.39803 16.6004 0.525014
66 12.1791 19.7675 -0.211608
67 18.1342 17.3535 -1.13634
68 10.5012 5.67209 0.362077
69 11.9856 19.9439 -0.19944
70 12.8254 19.5173 0.0854749
71 11.8437 5.98404 -0.232678
72 11.3087 0.881818 -0.449552
73 11.5781 10.7525 -0.454317
74 12.1484 6.06889 0.17598
75 11.3512 6.79286 0.192154
76 11.2544 5.90736 0.0440713
77 10.6088 7.62616 -0.302623
78 10.1913 8.24514 -0.208957
79 10.4191 7.81794 -0.296894
80 12.2232 19.2073 0.165139
81 13.2492 15.4403 0.465295
82 9.19957 7.04741 -0.336454
83 13.6441 18.371 -0.184741
84 11.1411 2.80449 0.0502061
85 12.0174 7.44899 -0.228351
86 11.4877 6.9056 -0.22138
87 12.9315 17.9572 0.295281
88 13.47 17.3491 0.0801524
89 11.7905 7.76947 0.192294
90 12.473 6.54977 0.0948691
91 11.5351 8.36334 0.328963
92 12.0773 11.686 -0.239206
93 12.4298 11.7327 0.0617929
94 10.7337 6.62929 -0.0153644
95 9.7475 8.25038 0.209556
96 12.0684 0.176866 -0.0130567
97 10.7288 6.27293 0.0278783
98 10.2423 7.12069 0.174513
99 10.4593 7.86061 0.152849
