100
Particles
0 11.7134 7.25876 -0.263572
1 11.1043 8.5515 -0.187231
2 11.7685 6.8366 -0.155288
3 12.8599 6.91294 0.107733
4 11.2175 6.94771 0.212594
5 11.1102 8.57024 0.131625
6 11.0003 8.62097 -0.308119
7 14.6496 18.5674 0.00753977
8 15.0517 17.812 -0.0534158
9 12.617 6.00883 0.29516
10 12.7841 7.86831 0.219741
11 12.3183 6.3161 0.130001
12 10.326 7.13954 -0.150892
13 10.424 6.6347 -0.187943
14 12.7977 12.1042 -0.0489499
15 10.4932 6.70901 -0.347383
16 13.1459 6.14426 -0.106356
17 12.2896 6.54687 0.238293
18 13.4125 18.5557 0.231917
19 12.2722 15.5363 -0.934829
20 13.4026 6.39916 -0.0234153
21 14.2659 10.5063 -0.530107
22 12.6142 7.03423 -0.0964245
23 12.7816 11.3095 -0.19785
24 13.3698 11.7117 0.0652112
25 13.6605 7.39617 0.135193
26 14.2698 7.88111 0.245964
27 11.3997 7.48937 -0.297267
28 12.8335 6.28892 0.0441137
29 14.1336 7.27238 0.304455
30 11.4412 7.91963 0.176712
31 13.2481 10.2158 -0.0476567
32 12.1309 5.04446 -0.124379
33 12.4897 5.15811 -0.28866
34 12.6993 7.18715 0.0473531
35 11.6892 7.25966 -0.00417143
36 11.339 6.84453 0.0618109
37 12.8573 6.16579 -0.237446
38 12.7537 6.58381 -0.24475
39 4.26204 15.0938 -1.68728
40 9.79454 7.31769 -0.295111
41 11.9347 7.35098 0.0288296
42 12.5113 7.56431 0.0964847
43 12.1502 7.37652 0.141243
44 13.6269 10.5343 -0.422872
45 14.5947 11.7404 0.261431
46 11.7572 5.94427 -0.0095592
47 15.1382 10.9441 -0.472831
48 4.08558 15.4365 -1.85752
49 12.6892 7.54851 -0.277137
50 11.827 7.25862 0.281702
51 12.6972 6.87039 0.0303831
52 13.6513 8.07575 -0.0171531
53 4.42373 0.209687 -0.649624
54 13.7335 17.4873 -0.0504226
55 11.7749 6.13252 0.00468868
56 13.1551 19.2242 -0.244099
57 13.9158 6.31421 0.0515002
58 11.506 7.26686 -0.310363
59 13.8935 18.2969 0.449619
60 12.601 12.686 -0.357907
61 11.491 8.40614 0.0573964
62 14.0796 10.6765 -0.0198505
63 12.0232 6.14599 -0.081682
64 13.578 12.3414 0.0421021
65 3.5942 16.9246 0.0190351
66 13.4127 19.7441 0.112936
67 18.8402 16.3267 -0.874138
68 11.7327 5.65272 0.235828
69 13.2071 19.7083 -0.115022
70 14.0585 19.536 0.224804
71 13.0754 5.94357 -0.125002
72 12.4184 0.337606 -0.235639
73 12.8044 10.5411 -0.0311814
74 13.3767 6.03331 0.0221889
75 12.5759 6.86486 0.15782
76 12.461 5.92705 -0.310698
77 11.8418 7.61254 -0.229224
78 11.4167 8.20634 0.165686
79 11.6529 7.65888 -0.0531129
80 13.451 19.1652 0.164215
81 14.1902 16.2333 0.911798
82 10.3989 6.77204 -0.00303456
83 14.8541 18.4665 -0.108154
84 12.1418 3.51851 0.913985
85 13.2462 7.5218 -0.0466904
86 12.7185 6.76884 0.126666
87 14.139 18.2365 0.259711
88 14.6914 17.538 -0.0619781
89 13.0229 7.88005 0.0268108
90 13.7049 6.51416 0.265332
91 12.7592 8.3957 -0.0148256
92 13.3157 11.5711 -0.0872118
93 13.6645 11.8836 0.108737
94 11.9597 6.79752 0.30283
95 10.956 8.13772 0.240863
96 13.2445 19.9143 -0.38002
97 11.9638 6.11035 -0.25144
98 11.4802 7.23596 0.263119
99 11.6817 7.64396 -0.235268
