100
Particles
0 12.9377 7.20544 -0.372682
1 12.3275 8.30895 -0.135588
2 12.9784 6.62767 -0.0897645
3 14.0943 6.83612 -0.124176
4 12.4451 6.92774 0.123262
5 12.3475 8.68441 -0.0324821
6 12.2305 8.58931 -0.248158
7 15.8794 18.637 -0.0681618
8 16.2849 17.9179 0.258598
9 13.8537 6.10621 0.0500824
10 14.0262 7.84661 0.0422474
11 13.5459 6.1285 -0.0123445
12 11.5645 7.04625 -0.0804516
13 11.6518 6.50992 -0.17043
14 14.0263 11.9469 -0.294644
15 11.712 6.67232 0.0604571
16 14.3605 6.17695 -0.330418
17 13.5278 6.55447 0.171531
18 14.6303 18.7119 0.0593124
19 13.1253 14.6452 -0.770154
20 14.6306 6.39221 0.137901
21 15.467 10.2547 0.00648758
22 13.8338 6.84503 -0.314853
23 13.9871 10.9994 -0.145097
24 14.6098 11.6893 -0.172889
25 14.859 7.66739 -0.00543163
26 15.4775 8.08829 0.196149
27 12.6477 7.50639 0.0150224
28 14.0641 6.3348 -0.260311
29 15.3451 7.52875 0.0568132
30 12.6707 7.76463 -0.115998
31 14.4478 9.9385 -0.310681
32 13.3724 5.11204 0.115525
33 13.6879 4.83125 -0.227821
34 13.9204 7.31093 0.169133
35 12.9042 7.07499 -0.363875
36 12.5623 6.76448 0.249769
37 14.0823 6.22998 0.2654
38 13.9631 6.45488 -0.258518
39 4.29756 13.8677 -1.29994
40 11.022 7.19184 0.0858395
41 13.1533 7.19361 -0.344194
42 13.7422 7.50633 -0.149925
43 13.386 7.30726 -0.124109
44 14.8256 10.2643 -0.49331
45 15.8058 11.8811 -0.0684459
46 12.986 5.7672 -0.0737645
47 16.3425 10.6266 -0.225619
48 4.08903 14.2202 -1.24102
49 13.9166 7.45593 -0.156047
50 13.0716 7.18843 -0.0603149
51 13.9187 6.89294 0.190158
52 14.8608 8.33294 0.415922
53 5.63258 19.9681 -0.164393
54 14.9113 17.7671 0.464816
55 13.0137 6.06454 0.0599721
56 14.3709 19.4402 0.279518
57 15.1523 6.22919 -0.148189
58 12.7279 7.14293 -0.363942
59 15.11 18.4426 0.338305
60 13.8128 12.5646 0.272275
61 12.7287 8.42104 -0.136876
62 15.2964 10.4998 -0.0334803
63 13.2275 5.93672 -0.391686
64 14.8068 12.2695 -0.239354
65 4.82949 16.7904 -0.0418794
66 14.6367 19.7587 0.33229
67 19.71 15.4654 -0.470468
68 12.9468 5.55733 0.22698
69 14.4299 19.7404 0.378187
70 15.2791 19.6932 0.123293
71 14.3014 5.79696 -0.21492
72 13.633 0.347614 0.235651
73 14.0298 10.4295 -0.34039
74 14.6081 5.9724 -0.0777178
75 13.8056 6.75482 0.123436
76 13.6992 5.90285 -0.252573
77 13.0789 7.48693 -0.251252
78 12.6435 8.16088 0.0431569
79 12.8925 7.67038 0.149343
80 14.6862 19.3052 0.271722
81 15.0606 16.987 0.40666
82 11.623 6.62412 0.0216992
83 16.063 18.6728 0.170078
84 13.1024 4.20908 0.0651863
85 14.4795 7.52665 -0.308516
86 13.9548 6.77157 -0.0681032
87 15.3535 18.4906 0.231484
88 15.9258 17.5329 -0.10112
89 14.2429 8.10879 0.00620825
90 14.9408 6.46978 -0.200994
91 13.9839 8.35685 0.119459
92 14.5299 11.3709 -0.255069
93 14.9025 11.8662 -0.0290868
94 13.2043 6.79968 0.115681
95 12.1909 8.26151 0.183304
96 14.4484 19.9314 0.431345
97 13.211 6.10973 -0.0199847
98 12.7099 7.21234 -0.186068
99 12.9204 7.57105 -0.0228025
