100
Particles
0 14.1636 7.0507 -0.00775144
1 13.5361 8.43288 0.31123
2 14.1982 6.38712 -0.251677
3 15.3315 6.89388 0.171951
4 13.6809 6.86082 -0.124075
5 13.5792 8.70017 0.000795631
6 13.4672 8.51857 -0.106568
7 17.0823 18.9436 0.402704
8 17.4245 18.4039 0.593819
9 15.0784 5.98681 -0.344009
10 15.2228 7.64309 -0.420499
11 14.7775 6.08661 0.0376798
12 12.7962 7.17925 0.0529565
13 12.8878 6.58476 -0.18762
14 15.1861 11.4941 -0.547146
15 12.9477 6.85029 0.138951
16 15.6002 6.09166 -0.099245
17 14.7561 6.42061 0.00223226
18 15.7861 19.1512 0.430003
19 13.713 13.5525 -1.29402
20 15.8355 6.32019 -0.358937
21 16.6375 9.85876 -0.220117
22 15.0647 6.68912 -0.315869
23 15.1611 10.6322 -0.486455
24 15.8213 11.4631 -0.152228
25 16.0819 7.72034 0.081525
26 16.7162 8.16261 -0.0520407
27 13.8656 7.25902 -0.052514
28 15.3057 6.33877 -0.171383
29 16.5696 7.64407 0.107191
30 13.903 7.79205 -0.297717
31 15.5652 9.39281 -0.58221
32 14.6016 5.06785 -0.0556617
33 14.851 4.45103 0.066514
34 15.1266 7.0468 -0.114085
35 14.1276 7.00616 -0.0228764
36 13.7964 6.69232 0.135884
37 15.325 6.16529 0.0193755
38 15.171 6.32348 0.170471
39 4.50956 12.6426 -1.35385
40 12.2332 7.37283 0.331767
41 14.3579 7.07575 -0.365457
42 14.9685 7.33838 -0.0626861
43 14.6042 7.09174 -0.0617581
44 15.9951 9.82788 -0.410439
45 17.0137 12.1835 0.308172
46 14.2123 5.68603 -0.297108
47 17.5795 10.652 -0.107538
48 4.29599 13.0007 -1.39975
49 15.1303 7.38604 -0.26614
50 14.2999 7.06946 0.220665
51 15.1592 6.89189 0.0476187
52 16.092 8.22192 -0.0974582
53 6.8604 0.166378 0.180743
54 16.1059 18.1011 0.125234
55 14.2357 5.95962 -0.098672
56 15.5828 19.7026 0.243252
57 16.3688 6.00263 -0.119803
58 13.9557 7.11783 0.243967
59 16.3033 18.7621 0.2187
60 15.0262 12.3327 -0.252694
61 13.9531 8.55186 -0.0487693
62 16.4683 10.0941 -0.26256
63 14.4653 5.98725 0.0916544
64 15.9514 11.7818 -0.469703
65 6.04612 16.5871 -0.078415
66 15.8298 0.0699349 0.410976
67 0.89125 15.0937 -0.0970159
68 14.183 5.56389 -0.222812
69 15.6198 0.0172878 0.438562
70 16.4671 0.0359106 0.202585
71 15.5424 5.85756 0.184315
72 14.7283 0.921043 0.61112
73 15.2018 10.0467 -0.596135
74 15.8371 5.77731 -0.201543
75 15.035 6.6996 -0.0416597
76 14.9168 5.75791 -0.327678
77 14.322 7.45418 -0.0996246
78 13.8773 8.32353 0.144083
79 14.1019 7.44598 -0.251778
80 15.8667 19.6588 0.023052
81 16.2583 17.2102 0.306486
82 12.8605 6.73366 0.00643312
83 17.2217 19.0544 0.00237652
84 14.3107 3.94949 -0.376429
85 15.7126 7.45447 0.107928
86 15.1677 6.48242 -0.362669
87 16.5297 18.9 0.253519
88 17.0909 17.9117 0.351621
89 15.4514 7.94749 -0.0272224
90 16.1622 6.33307 -0.209312
91 15.2013 8.14928 -0.247972
92 15.7134 11.0785 -0.344265
93 16.1043 11.6389 -0.374663
94 14.4427 6.80704 0.106812
95 13.4159 8.39397 0.103276
96 15.6215 0.356853 0.335773
97 14.4495 6.20174 0.152578
98 13.9404 7.25749 0.252252
99 14.1405 7.52713 0.13878
