100
Particles
0 15.3847 7.06533 -0.216549
1 14.7655 8.55224 0.215926
2 15.4378 6.33201 -0.00145834
3 16.5587 6.69258 -0.170322
4 14.915 6.9414 -0.0887703
5 14.8165 8.73855 -0.0452997
6 14.6618 8.88111 0.366788
7 18.2348 19.3731 0.521797
8 18.6045 18.7776 0.198963
9 16.2597 5.61047 -0.0772554
10 16.457 7.66078 0.294861
11 15.993 5.86778 -0.169371
12 14.0321 7.23983 -0.166341
13 14.0993 6.47564 0.333868
14 16.2673 10.9115 -0.775208
15 14.1756 7.05558 0.252132
16 16.7828 5.74407 -0.0921223
17 15.9573 6.10891 -0.324536
18 16.9745 19.4969 0.30155
19 14.085 12.3768 -1.53278
20 17.0788 6.33665 0.0695683
21 17.7073 9.22895 -0.548524
22 16.2804 6.53294 -0.00165834
23 16.2283 10.0307 -0.297412
24 16.959 10.9932 -0.131686
25 17.3075 7.58152 -0.224723
26 17.9538 8.2436 -0.116834
27 15.097 7.24171 0.198285
28 16.5234 6.13526 -0.292781
29 17.7708 7.98776 0.227489
30 15.1243 7.97673 -0.108851
31 16.6074 8.78987 0.0107087
32 15.8203 4.85596 -0.107089
33 16.062 4.22255 -0.167966
34 16.3505 6.83118 -0.148167
35 15.359 6.8862 -0.0819625
36 15.0403 6.74444 -0.0140067
37 16.5176 5.84763 -0.0078161
38 16.4007 6.14292 -0.0727595
39 4.81723 11.4484 -1.18492
40 13.4711 7.35868 0.0744855
41 15.602 7.16638 0.12993
42 16.2008 7.32887 0.226739
43 15.8454 7.15508 0.076358
44 17.1031 9.28324 -0.462862
45 18.2212 11.9716 -0.45612
46 15.4377 5.48951 0.0531435
47 18.8052 10.5316 0.13834
48 4.68338 11.8243 -1.12745
49 16.3685 7.3478 -0.00518127
50 15.5336 6.95825 -0.0166158
51 16.3767 6.72611 -0.395617
52 17.3069 8.01696 -0.3038
53 8.00758 0.648284 0.437431
54 17.3134 18.3456 -0.0237777
55 15.4541 5.76151 -0.345669
56 16.7566 0.0788105 0.219402
57 17.5858 5.74684 -0.250096
58 15.184 7.07917 -0.164177
59 17.5055 19.0811 0.433832
60 16.2604 12.2193 -0.309021
61 15.1789 8.77002 0.0236282
62 17.5644 9.54837 -0.741964
63 15.6959 5.82469 -0.316488
64 17.0968 11.2998 -0.373852
65 7.27094 16.4015 -0.339443
66 17.0446 0.339185 0.23975
67 2.07799 14.7175 -0.173183
68 15.4185 5.42594 -0.224529
69 16.7892 0.449057 0.282046
70 17.6589 0.355358 0.0365937
71 16.7481 5.54703 -0.37729
72 15.7023 1.69784 0.740302
73 16.2454 9.35998 -0.60507
74 17.0624 5.60784 -0.102947
75 16.2653 6.56786 0.082899
76 16.1335 5.55787 -0.297744
77 15.5519 7.62288 0.0102035
78 15.1102 8.39878 0.229444
79 15.3322 7.42226 -0.185697
80 16.9984 0.176028 0.431336
81 17.4196 17.6162 0.384794
82 14.0972 6.68082 -0.0737779
83 18.3838 19.4774 0.473528
84 15.4295 3.42028 -0.676013
85 16.938 7.45294 0.141818
86 16.3903 6.37785 0.00436745
87 17.7234 19.2498 0.237277
88 18.2534 18.2636 -0.00151603
89 16.6952 7.91485 0.0157302
90 17.3692 6.02315 -0.266714
91 16.4123 7.99265 -0.336614
92 16.8427 10.5827 -0.681421
93 17.2686 11.2452 -0.178086
94 15.6747 6.93295 0.213695
95 14.6432 8.4624 0.322336
96 16.8185 0.609155 0.0149126
97 15.6421 5.84957 -0.174905
98 15.1791 7.23829 0.225623
99 15.3733 7.51251 0.298115
