100
Particles
0 16.6175 6.92814 -0.124352
1 15.9868 8.77122 0.26135
2 16.6587 6.31813 -0.433638
3 17.7883 6.55427 0.0812118
4 16.1412 7.02034 0.0419571
5 15.9567 9.13766 0.543281
6 15.8411 9.21919 0.292022
7 19.3291 19.9587 0.371538
8 19.731 19.2599 0.289852
9 17.4327 5.28944 0.148463
10 17.6851 7.46515 -0.19363
11 17.2052 5.63846 -0.245083
12 15.2471 7.375 -0.0724361
13 15.3269 6.49428 -0.29226
14 17.3167 10.2671 -0.290198
15 15.3917 7.25339 0.338788
16 18.0091 5.5501 -0.0988934
17 17.1929 6.22097 0.14906
18 18.2092 19.6001 -0.0962674
19 13.8926 11.1679 -1.3844
20 18.3112 6.17772 -0.157242
21 18.9198 9.17671 0.206259
22 17.5092 6.41474 -0.0982625
23 17.4059 9.6617 -0.0383363
24 17.9964 10.3282 -0.401917
25 18.5278 7.54783 -0.109216
26 19.1756 8.36429 0.329762
27 16.3274 7.31542 -0.180725
28 17.7328 5.9363 0.141225
29 19.0127 8.08655 0.195828
30 16.3571 7.96751 -0.142334
31 17.8041 8.58394 0.104199
32 17.012 4.51264 -0.209297
33 17.3008 4.14577 0.0675925
34 17.5912 6.81013 -0.127277
35 16.5841 6.75056 0.0720256
36 16.2672 6.72826 0.0659063
37 17.7537 5.73601 0.0322545
38 17.6 5.87272 -0.272751
39 5.25391 10.299 -0.969931
40 14.6541 7.73392 0.464937
41 16.8384 7.13875 -0.0515881
42 17.4297 7.24264 0.107258
43 17.0897 7.09966 -0.00816209
44 18.3078 9.05616 0.0622949
45 19.3715 11.5047 -0.254346
46 16.6596 5.27658 -0.129514
47 0.0462634 10.5541 -0.158388
48 5.0229 10.6359 -1.01941
49 17.5861 7.37876 -0.0886246
50 16.7746 7.01901 0.0608316
51 17.5975 6.56153 -0.279008
52 18.5328 7.9113 -0.241959
53 8.43444 1.74557 1.66392
54 18.5574 18.4562 0.129827
55 16.6709 5.57193 -0.268102
56 17.9939 0.146108 -0.110585
57 18.7764 5.3704 -0.307728
58 16.4211 6.98501 -0.0675406
59 18.6318 19.5695 0.533094
60 17.2385 11.4671 -0.87642
61 16.3423 9.16641 0.448927
62 18.7855 9.34677 -0.252391
63 16.9367 5.88418 0.0384509
64 18.2101 10.7457 -0.567658
65 8.51825 16.386 -0.0114269
66 18.2424 0.577172 0.265386
67 3.29612 14.9271 -0.0383124
68 16.6389 5.21545 -0.255208
69 18.0275 0.511272 -0.026635
70 18.8466 0.666566 0.514985
71 17.9483 5.23952 -0.0464268
72 16.721 2.23082 0.0824913
73 17.4788 9.28969 0.093205
74 18.2963 5.47181 -0.227653
75 17.5047 6.50373 -0.187306
76 17.3376 5.29929 0.0919252
77 16.7867 7.55524 -0.26538
78 16.2823 8.78989 0.0834456
79 16.5613 7.22565 -0.0655718
80 18.1928 0.439637 0.323439
81 18.6248 17.9375 0.261576
82 15.3386 6.6215 0.046038
83 19.4758 0.0469489 0.155284
84 16.5991 3.13429 -0.0670531
85 18.1675 7.38791 0.0563743
86 17.6099 6.1527 -0.186876
87 18.8664 19.7343 0.589136
88 19.4612 18.5615 0.0570586
89 17.9358 7.79761 -0.219844
90 18.5829 5.85565 -0.422562
91 17.6316 7.92905 -0.0389196
92 17.9166 9.99261 -0.389109
93 18.3295 10.5954 -0.506414
94 16.9094 6.95784 -0.122903
95 15.8602 8.72607 0.134776
96 18.0515 0.639406 -0.0694363
97 16.8589 5.67 -0.340934
98 16.4111 7.04039 -0.236467
99 16.6131 7.37495 -0.1769
