100
Particles
0 17.8291 6.68145 -0.384458
1 17.1627 9.19058 0.38083
2 17.8992 6.26157 0.0581474
3 19.0074 6.46854 -0.311694
4 17.356 6.85247 -0.358014
5 17.1701 9.31805 -0.00122141
6 17.0751 9.39773 0.225945
7 0.506388 0.309592 0.194599
8 0.959722 19.3621 0.268731
9 18.666 5.34492 0.196197
10 18.9225 7.3285 0.031691
11 18.4235 5.51271 -0.353703
12 16.4777 7.51901 0.121042
13 16.5321 6.24538 -0.400677
14 18.5412 10.0825 -0.243447
15 16.6241 7.15922 0.0964711
16 19.2292 5.54509 0.180123
17 18.4099 5.98904 -0.0636066
18 19.4435 19.7661 0.19536
19 14.3975 10.0274 -1.06753
20 19.5522 6.25626 0.132619
21 0.120511 9.35705 -0.299629
22 18.7377 6.35323 -0.35485
23 18.6382 9.50403 0.0855547
24 19.1757 9.95558 -0.103074
25 19.7598 7.44572 0.202314
26 0.422263 8.35378 -0.120479
27 17.5494 7.17703 -0.380852
28 18.9601 5.79112 -0.0868293
29 0.242452 8.03637 -0.232221
30 17.6012 8.025 0.130346
31 19.0499 8.61818 0.0339345
32 18.2321 4.26378 -0.288854
33 18.5122 3.9315 -0.418103
34 18.8209 6.63473 0.0642748
35 17.7978 6.5798 0.0125485
36 17.4648 6.38292 -0.332676
37 18.9717 5.63382 -0.226899
38 18.8339 5.8315 -0.0626255
39 6.11107 9.39604 -0.697105
40 15.8768 7.94361 0.23183
41 18.0674 7.05858 0.117789
42 18.6635 7.1874 -0.0549523
43 18.2796 6.82203 -0.410311
44 19.5309 9.04565 -0.342309
45 0.537891 11.0747 -0.263149
46 17.8604 5.06711 0.0718994
47 1.21509 10.2232 -0.653966
48 5.89617 9.74583 -0.745004
49 18.8083 7.25773 0.141023
50 18.0157 7.01689 0.180803
51 18.8254 6.4259 -0.191008
52 19.7586 7.84094 0.0715946
53 8.69552 2.94166 1.06216
54 19.7973 18.5108 -0.149916
55 17.9031 5.39291 0.020997
56 19.2123 0.390169 0.0238179
57 19.9451 5.0231 -0.241158
58 17.6474 6.90267 -0.223571
59 19.7982 19.9305 0.24064
60 18.2452 10.7617 -0.271277
61 17.5659 9.25721 0.0614753
62 19.9855 9.38295 -0.437505
63 18.1394 5.67316 -0.212914
64 19.3583 10.2803 -0.471079
65 9.72444 16.0953 -0.389383
66 19.4391 0.781781 0.274875
67 4.51424 15.1745 0.10383
68 17.8411 4.9839 -0.403202
69 19.225 0.856763 0.259494
70 0.043742 0.97345 0.173074
71 19.1727 5.05916 -0.106957
72 17.9365 2.16288 0.112796
73 18.7087 9.07949 -0.094736
74 19.5184 5.35391 0.136384
75 18.7324 6.46951 -0.161901
76 18.5761 5.22762 -0.021824
77 18.0004 7.42282 -0.31131
78 17.5228 8.88783 -0.0481483
79 17.7975 7.25949 0.0315933
80 19.387 0.70261 -0.0468826
81 19.8162 17.7093 -0.274926
82 16.5531 6.41924 -0.406814
83 0.593697 0.4798 -0.0576807
84 17.8238 2.95642 -0.395206
85 19.3911 7.32407 -0.337089
86 18.8411 6.11054 0.0152997
87 0.0467802 0.093796 0.395642
88 0.676185 18.7085 0.400048
89 19.169 7.806 -0.0935286
90 19.8127 5.72139 -0.000656435
91 18.8763 7.89893 -0.0158119
92 19.0953 9.66172 -0.41269
93 19.4577 10.0873 -0.217905
94 18.1481 6.94016 -0.235365
95 17.0512 9.04748 0.502895
96 19.2623 0.880485 0.229177
97 18.0605 5.37472 -0.360921
98 17.614 6.85038 0.102282
99 17.823 7.17832 -0.385202
