100
Particles
0 19.0318 6.41011 -0.404235
1 18.3108 9.65628 0.398706
2 19.1384 6.15884 -0.0745314
3 0.253956 6.41555 -0.0585842
4 18.5399 6.50848 -0.325458
5 18.3445 9.70519 0.234419
6 18.2642 9.74486 0.126697
7 1.70161 0.634248 0.111525
8 2.15731 19.6878 0.0798908
9 19.8882 5.22374 -0.183191
10 0.169073 7.40481 0.0212249
11 19.6448 5.34158 0.0434362
12 17.6721 7.42459 -0.530997
13 17.7302 5.97897 -0.126891
14 19.763 9.91841 0.0170107
15 17.8496 6.99542 0.0566832
16 0.457752 5.39373 -0.264365
17 19.6379 5.80408 -0.184908
18 0.674998 19.9215 0.138683
19 15.1932 9.06984 -0.768431
20 0.778295 6.02178 -0.218704
21 1.32442 9.0802 -0.251
22 19.9632 6.23914 -0.0213292
23 19.858 9.46907 -0.138146
24 0.396641 9.79296 0.072161
25 0.970209 7.44595 0.249497
26 1.64824 8.29133 -0.0830954
27 18.7391 6.89049 0.114631
28 0.207419 5.73928 0.0354572
29 1.46127 7.81948 -0.202032
30 18.8202 7.90154 0.181093
31 0.277701 8.56126 -0.207996
32 19.4573 4.09139 0.0759019
33 19.7016 3.63645 -0.225683
34 0.0532641 6.60733 0.00643061
35 18.9853 6.20014 -0.250362
36 18.6679 6.12389 -0.16582
37 0.184266 5.37225 -0.299569
38 0.0622664 5.78571 -0.300363
39 6.80401 8.38116 -0.978482
40 17.1148 7.85545 -0.175153
41 19.263 6.7732 -0.269922
42 19.9 7.15176 0.0607189
43 19.4886 6.58107 0.0340724
44 0.728078 8.7867 -0.542623
45 1.73293 10.7766 -0.317897
46 19.1 4.94352 -0.00871562
47 2.16613 9.54437 -0.379671
48 6.62201 8.73258 -1.02665
49 0.0323392 7.09962 -0.126474
50 19.2456 6.81094 -0.297846
51 0.0278331 6.09857 -0.382003
52 0.992088 7.85439 -0.0478278
53 8.9745 4.15708 1.24916
54 1.03032 18.6634 0.116241
55 19.1433 5.3836 0.060087
56 0.436059 0.613127 0.0758299
57 1.17181 4.87394 -0.206682
58 18.8713 6.71431 -0.289753
59 1.02223 0.0822654 -0.130612
60 19.47 10.7539 -0.121031
61 18.7836 9.51096 0.223118
62 1.15927 9.06118 -0.215773
63 19.3469 5.4208 -0.382323
64 0.564747 10.2414 0.218359
65 10.5189 15.1535 -0.837682
66 0.678047 0.795835 -0.154561
67 5.4813 15.9164 0.934713
68 19.077 4.91998 -0.230937
69 0.468397 0.73203 -0.05898
70 1.27223 1.15475 0.199318
71 0.391836 4.84402 -0.249386
72 19.1708 2.09589 0.00920577
73 19.9377 8.90333 -0.0730042
74 0.73925 5.24879 -0.456908
75 19.9581 6.35628 -0.208997
76 19.7889 5.16477 -0.365475
77 19.2085 7.18669 -0.0901517
78 18.671 9.34178 0.29063
79 18.9911 6.92107 -0.399504
80 0.601078 0.945514 0.117528
81 1.04796 17.7266 0.131897
82 17.7695 6.16725 -0.313806
83 1.81423 0.613444 -0.122508
84 19.0265 2.78043 -0.482947
85 0.623111 7.18521 0.0404011
86 0.0700791 5.93738 0.00915913
87 1.26011 0.313758 0.0693697
88 1.89428 18.9425 0.354226
89 0.393216 7.77215 -0.282477
90 1.02869 5.5928 0.0548166
91 0.101637 7.77742 0.0215737
92 0.308103 9.47061 0.113961
93 0.696011 9.95842 -0.0303555
94 19.3526 6.74307 0.0943939
95 18.2592 9.31044 0.179614
96 0.464915 1.13078 0.198363
97 19.297 5.27921 -0.169723
98 18.8135 6.50578 -0.215045
99 19.041 6.97183 -0.224814
