100
Particles
0 0.242501 6.16009 -0.327475
1 19.5056 9.97943 0.420525
2 0.326829 5.83284 -0.424818
3 1.4436 6.12624 -0.490745
4 19.7789 6.44658 -0.146481
5 19.5382 9.96964 -0.0615144
6 19.3741 10.2148 -0.0415833
7 2.91488 0.879463 0.308915
8 3.3329 0.00326969 0.494597
9 1.07517 4.85227 -0.210306
10 1.40057 7.41724 0.063506
11 0.843916 5.04718 -0.221106
12 18.9096 7.40513 0.1188
13 18.9504 5.92008 0.171982
14 1.01189 9.9238 0.0259096
15 19.0763 6.88796 -0.248181
16 1.62858 5.017 0.0154825
17 0.803049 5.39249 -0.440164
18 1.91178 19.9901 -0.106605
19 16.3408 8.66738 -0.0703061
20 2.0198 6.01982 0.118656
21 2.51637 8.86718 0.150206
22 1.20124 6.1703 -0.23355
23 1.08409 9.48094 0.212991
24 1.62676 9.78315 0.118705
25 2.20194 7.44514 0.106096
26 2.88998 8.24859 0.0643113
27 19.9804 6.88857 0.10164
28 1.425 5.64604 -0.253255
29 2.67226 7.89414 0.352498
30 0.0636022 7.85148 -0.139558
31 1.49158 8.35271 -0.373191
32 0.612212 3.63241 -0.215443
33 0.823954 3.11253 -0.631047
34 1.29435 6.65248 -0.0999956
35 0.184005 5.87743 -0.293201
36 19.9062 6.14287 0.000782314
37 1.40538 5.2149 -0.334365
38 1.29321 5.64564 -0.105972
39 7.79795 7.65718 -0.663053
40 18.333 7.62084 -0.0258057
41 0.503985 6.70215 -0.166493
42 1.10146 6.81035 -0.262552
43 0.711755 6.43461 0.022385
44 1.94288 8.59238 0.00463104
45 2.81266 10.3515 -0.00426203
46 0.282517 4.62393 -0.482807
47 3.38727 9.58955 -0.218515
48 7.44753 7.79762 -0.887859
49 1.24229 6.94498 -0.285317
50 0.480594 6.75627 0.173484
51 1.25711 5.99012 -0.206186
52 2.23561 7.81167 -0.169864
53 9.38618 5.33292 1.1386
54 2.24311 18.897 0.328806
55 0.380834 5.36253 0.0313925
56 1.67056 0.744639 0.0459028
57 2.34087 4.47934 -0.115495
58 0.0829027 6.47866 -0.0473652
59 2.23316 0.301609 -0.0747934
60 0.693219 10.846 0.381021
61 19.9482 9.92009 0.296408
62 2.37198 8.83898 -0.340437
63 0.55425 5.24572 -0.336016
64 1.79303 10.4188 0.120768
65 11.443 14.3238 -0.947333
66 1.89486 1.02446 0.277391
67 6.49492 16.6243 0.592052
68 0.242809 4.50046 -0.392102
69 1.69886 0.809055 0.316715
70 2.5172 1.12631 -0.012597
71 1.5281 4.3365 -0.266994
72 0.373439 1.83126 -0.34673
73 1.17478 8.78723 -0.198944
74 1.96624 5.18579 0.0126634
75 1.19239 6.21169 -0.113378
76 1.03222 5.10254 -0.0701845
77 0.426894 7.07876 -0.0571945
78 19.8341 9.7216 0.507183
79 0.20201 6.65569 -0.211812
80 1.82947 1.06077 0.162188
81 2.28328 17.5585 -0.220721
82 18.9738 5.99583 0.17171
83 3.01498 0.945263 0.34678
84 0.23484 2.53824 -0.222616
85 1.83114 6.96399 -0.434208
86 1.30132 5.90745 0.00903314
87 2.47227 0.613364 0.204582
88 3.13392 19.0944 0.175871
89 1.63556 7.75495 0.164404
90 2.2448 5.51001 -0.193712
91 1.33881 7.66459 -0.223363
92 1.53945 9.47109 -0.12478
93 1.91951 9.97389 0.0563327
94 0.578292 6.65656 -0.0668578
95 19.4541 9.57799 0.0235008
96 1.68905 1.1506 -0.0583252
97 0.536555 5.25868 0.0569556
98 0.00888492 6.25197 -0.238005
99 0.284227 6.98927 0.0846094
