100
Particles
0 1.4264 5.86185 -0.431289
1 0.726814 10.1832 -0.00171648
2 1.50862 5.45194 -0.24768
3 2.66972 6.00482 -0.188284
4 0.965408 6.08106 -0.346693
5 0.724118 10.2466 -0.124212
6 0.613231 10.3392 -0.00166112
7 4.11199 1.10746 0.538844
8 4.49992 0.381383 0.52423
9 2.24299 4.42421 -0.297922
10 2.61023 7.21476 -0.160579
11 1.994 4.56506 -0.502825
12 0.141554 7.48895 -0.0532854
13 0.181553 5.77779 0.0788713
14 2.24167 9.94211 0.11283
15 0.302041 6.69117 -0.222505
16 2.77905 4.55103 -0.43034
17 2.03711 5.25312 -0.173436
18 3.14188 0.131572 -0.0199655
19 17.5544 8.52857 -0.286378
20 3.2151 5.74291 -0.445437
21 3.75105 8.77185 -0.299127
22 2.40823 5.94973 0.0380569
23 2.30747 9.6392 0.0499297
24 2.85566 9.9455 0.0983885
25 3.4293 7.23852 -0.252017
26 4.13058 8.12125 -0.0557766
27 1.15239 6.52645 -0.479965
28 2.64437 5.45593 -0.309209
29 3.90212 7.9573 0.173864
30 1.2946 8.05432 0.166498
31 2.70525 8.15352 -0.339303
32 1.76415 3.18053 -0.169904
33 1.9875 2.70773 -0.557017
34 2.48513 6.31222 -0.392646
35 1.39591 5.67464 -0.399538
36 1.11507 5.85279 -0.0309411
37 2.57075 4.82842 -0.424718
38 2.48293 5.35108 -0.471562
39 8.45225 6.61356 -1.28619
40 19.5385 7.94022 0.265965
41 1.72298 6.51781 -0.164157
42 2.30415 6.51789 -0.113119
43 1.89163 6.08155 -0.328266
44 3.16094 8.55086 -0.242236
45 4.03603 10.2108 0.136956
46 1.46025 4.30027 -0.19146
47 4.59692 9.38582 0.00261406
48 8.01484 6.70142 -0.98143
49 2.44042 6.69553 0.0573993
50 1.69227 6.50513 -0.29124
51 2.45585 5.76174 -0.527004
52 3.46652 7.8459 -0.21643
53 9.47511 6.56211 1.49227
54 3.43145 19.2593 0.126794
55 1.56561 5.03744 -0.261151
56 2.89753 0.940708 0.0752647
57 3.47155 4.00189 -0.583146
58 1.30778 6.33111 -0.0919378
59 3.44187 0.590781 0.171246
60 1.89022 11.1571 0.38033
61 1.17854 9.98436 -0.0389407
62 3.59705 8.71323 -0.252414
63 1.73784 4.90482 -0.492951
64 3.03166 10.4172 0.0290951
65 12.0032 13.2226 -0.862785
66 3.12423 1.08939 -0.12452
67 7.26142 17.5961 0.956786
68 1.35904 3.94414 -0.566183
69 2.91581 0.876038 -0.102811
70 3.74321 1.1466 0.0767389
71 2.64894 3.81975 -0.603449
72 1.5827 1.72653 -0.212331
73 2.4074 8.93398 0.201954
74 3.11833 4.73355 -0.276618
75 2.40798 6.03106 -0.447315
76 2.20904 4.77341 -0.460693
77 1.63658 6.81127 -0.312125
78 1.04407 9.99962 0.342938
79 1.42124 6.41467 -0.234867
80 3.04631 1.18795 -0.150337
81 3.50246 17.3252 -0.177682
82 0.196095 5.78302 -0.0502703
83 4.17869 1.35227 0.146244
84 1.45476 2.33294 0.070776
85 3.03957 6.74764 -0.303866
86 2.49801 5.58522 -0.483935
87 3.7048 0.736136 -0.100712
88 4.21513 19.7093 0.613777
89 2.85271 7.50888 -0.233078
90 3.42267 5.16053 -0.504056
91 2.55465 7.53065 -0.358414
92 2.77004 9.54325 -0.0182155
93 3.15634 9.99338 0.0553759
94 1.8106 6.56066 -0.0284453
95 0.67366 9.71148 -0.07134
96 2.91015 1.34685 0.361955
97 1.74992 5.00954 -0.305372
98 1.21753 6.06099 -0.216519
99 1.48945 6.72772 -0.0524299
