100
Particles
0 3.61458 19.2775 -0.323671
1 3.52897 18.6675 -0.286675
2 3.56194 19.2061 -0.320879
3 3.58896 19.865 0.144138
4 3.59485 18.6092 -0.068322
5 3.50582 19.3451 -0.364347
6 3.55296 19.3269 0.00697873
7 3.64684 19.9911 -0.181474
8 3.57608 19.5533 0.107353
9 3.59552 19.2522 -0.0399377
10 3.59422 0.0780411 0.178147
11 3.65457 19.6332 -0.182898
12 3.54274 18.9182 -0.215348
13 3.61733 19.0831 -0.124898
14 3.53989 0.00704059 0.037422
15 3.52145 18.5872 -0.331022
16 3.60642 19.9277 -0.277681
17 3.56855 19.1027 -0.0319418
18 3.50241 18.5126 -0.174223
19 3.57799 18.8758 -0.234475
20 3.63544 19.3467 -0.152928
21 3.60666 19.1711 0.168136
22 3.56338 19.1125 -0.228567
23 3.60576 19.4226 -0.206563
24 3.60957 19.7124 0.00711715
25 3.45714 18.2129 -0.46623
26 3.61415 19.0823 -0.0274091
27 3.48927 18.6408 -0.356454
28 3.57725 19.5707 -0.136253
29 3.6274 19.6104 -0.416455
30 3.58291 19.5551 0.0842163
31 3.64255 19.5305 -0.0268589
32 3.64344 19.153 -0.100953
33 3.55636 19.3854 -0.29966
34 3.49408 18.9836 0.0750439
35 3.49992 19.3353 -0.313596
36 3.54171 18.1635 -0.11938
37 3.49945 18.6083 -0.0335955
38 3.5313 19.3849 -0.0950269
39 3.58781 18.8771 -0.369487
40 3.59468 18.522 0.107982
41 3.5826 18.8873 0.0738633
42 3.60956 19.7032 0.0348985
43 3.62712 19.9109 -0.259047
44 3.64809 19.6717 0.105433
45 3.66677 19.4786 -0.205385
46 3.59551 18.3967 -0.0564155
47 3.6487 0.251765 -0.0364871
48 3.58256 18.5926 0.106413
49 3.59229 19.4462 -0.387701
50 3.62759 18.8011 0.131692
51 3.56856 18.8167 -0.359022
52 3.61123 19.8388 -0.310244
53 3.47666 18.3714 -0.442942
54 3.49544 17.8115 0.00849159
55 3.58394 18.9612 0.174529
56 3.59109 18.2549 -0.0308257
57 3.55404 19.3345 0.0628647
58 3.58707 18.7322 -0.234775
59 3.59648 18.6033 -0.29683
60 3.58761 19.1985 -0.082241
61 3.55542 19.0402 0.00567215
62 3.564 0.0672653 -0.072874
63 3.58795 19.6885 -0.279368
64 3.47737 19.9429 -0.291619
65 3.58025 19.3969 0.0799016
66 3.60277 18.9999 -0.362784
67 3.56187 0.0273313 -0.275917
68 3.59364 18.7661 0.0520425
69 3.63569 19.1814 -0.171911
70 3.5939 19.7902 -0.418933
71 3.62383 19.433 -0.346457
72 3.61115 19.0235 0.160619
73 3.65516 19.5902 -0.275423
74 3.55574 19.5702 -0.034934
75 3.61814 19.2351 -0.0815282
76 3.61581 19.3571 0.020232
77 3.57291 18.9021 0.157192
78 3.53946 18.9327 -0.413898
79 3.58452 18.8527 -0.381908
80 3.56581 18.9875 0.0739227
81 3.59327 18.7405 -0.27978
82 3.62938 19.0811 0.0106235
83 3.57831 19.3546 0.101455
84 3.54284 18.4312 -0.102269
85 3.59556 19.189 -0.158244
86 3.51278 19.4748 0.141584
87 3.54461 18.3423 -0.160734
88 3.62844 18.7044 -0.312699
89 3.50926 18.1803 -0.380546
90 3.55062 18.5555 0.0676904
91 3.62178 19.3969 -0.212135
92 3.61186 19.2121 -0.206312
93 3.56544 19.3992 -0.151859
94 3.52512 19.4256 -0.158683
95 3.54159 18.9382 -0.437641
96 3.55285 18.1314 0.0970077
97 3.59835 19.668 0.111576
98 3.57964 19.2246 0.090228
99 3.58081 19.4456 -0.264678
