100
Particles
0 2.56247 5.36431 -0.218289
1 1.95662 10.2691 0.207744
2 2.72158 5.17317 -0.167555
3 3.87549 5.76046 -0.367376
4 2.20863 5.98648 -0.153888
5 1.95941 10.1881 -0.199463
6 1.82221 10.1519 -0.1777
7 5.34244 1.11435 0.283317
8 5.66405 0.762593 0.276282
9 3.33438 3.84869 -0.369558
10 3.79658 6.85184 -0.348614
11 3.11714 4.03148 -0.33883
12 1.37555 7.36475 -0.250386
13 1.37054 5.42525 -0.299955
14 3.45694 10.1242 -0.0701055
15 1.52546 6.61465 0.053594
16 3.92607 4.07613 -0.230385
17 3.12505 4.67556 -0.223676
18 4.38215 0.140948 -0.146339
19 18.7418 8.79211 0.610614
20 4.45423 5.654 0.0220801
21 4.97564 8.60532 -0.271542
22 3.57868 5.57315 -0.214793
23 3.51276 9.92982 0.0492349
24 4.07334 10.0877 0.405895
25 4.63536 6.93209 -0.362034
26 5.33055 7.88491 0.195762
27 2.36619 6.29246 -0.442994
28 3.85453 5.2294 -0.0679338
29 5.12337 7.72396 -0.0695915
30 2.52531 8.19827 0.26254
31 3.8792 7.78321 -0.461663
32 2.99953 3.00065 -0.0962026
33 3.21666 2.55653 -0.189385
34 3.70416 6.07721 -0.0461209
35 2.56983 5.37345 0.0167461
36 2.29374 5.5084 -0.0227845
37 3.72317 4.37268 -0.319941
38 3.60208 4.81678 -0.40554
39 9.05245 5.5215 -1.19195
40 0.774938 7.9503 0.0709872
41 2.94255 6.3615 -0.41879
42 3.46615 6.11007 -0.374565
43 3.06286 5.75455 -0.344233
44 4.37236 8.33668 -0.389033
45 5.27273 10.0791 -0.230669
46 2.64294 3.94102 -0.156343
47 5.81991 9.45058 0.0576539
48 8.65754 5.65976 -0.953517
49 3.63408 6.37484 -0.161781
50 2.87122 6.09525 -0.344864
51 3.64721 5.45678 -0.511935
52 4.6797 7.62225 -0.10422
53 10.1385 7.46654 1.02899
54 4.67356 19.2656 -0.117542
55 2.69128 4.52671 -0.46545
56 4.12702 0.919514 0.268631
57 4.42668 3.21657 -0.828246
58 2.51607 6.04402 -0.41206
59 4.67747 0.432657 -0.192515
60 3.12469 11.2923 -0.00897944
61 2.41728 9.88614 0.109315
62 4.81424 8.5231 -0.108609
63 2.87516 4.44612 -0.60434
64 4.19795 10.7621 0.455481
65 12.9063 12.4108 -0.364701
66 4.35288 1.14644 0.247703
67 8.12516 18.4759 0.531017
68 2.50959 3.46442 -0.282319
69 4.14403 1.08879 0.228276
70 4.98 1.17644 0.0211192
71 3.74538 3.23425 -0.367028
72 2.67306 1.15033 -0.254559
73 3.62498 9.12539 0.411979
74 4.2488 4.26309 -0.483062
75 3.61112 5.71356 -0.289636
76 3.35571 4.35222 -0.138282
77 2.82192 6.46945 -0.37142
78 2.27256 9.93402 0.20643
79 2.5655 5.98261 -0.399419
80 4.28056 1.21679 -0.130572
81 4.73827 17.4524 0.300538
82 1.42499 5.55901 -0.112818
83 5.41339 1.46885 -0.0691266
84 2.66803 2.04334 -0.277358
85 4.23613 6.43599 -0.0303332
86 3.71281 5.34955 0.0402723
87 4.92378 0.809737 -0.257372
88 5.40325 0.0651211 0.162161
89 4.01873 7.1455 -0.0979661
90 4.62875 4.87605 -0.474188
91 3.71239 7.086 -0.445739
92 3.97285 9.85897 0.255641
93 4.39237 10.1256 -0.033402
94 3.02583 6.33117 -0.228191
95 1.91524 9.79279 -0.0804477
96 4.12923 1.42391 -0.0366757
97 2.87116 4.48964 -0.230981
98 2.40884 5.79622 0.0858513
99 2.68632 6.3907 -0.225502
