100
Particles
0 3.75298 5.0662 -0.0798769
1 3.14373 10.0921 -0.562668
2 3.89275 4.79696 -0.0886656
3 5.11693 5.66518 -0.0814361
4 3.39251 5.68099 -0.00250031
5 3.18436 10.1438 -0.0504857
6 3.01082 9.77854 -0.362927
7 6.57059 1.07443 0.300448
8 6.87705 0.853477 0.247805
9 4.53743 3.56919 -0.228931
10 5.00615 6.58207 -0.277168
11 4.22612 3.46369 -0.406468
12 2.61216 7.21752 -0.107401
13 2.59445 5.18493 -0.203195
14 4.69078 10.1561 -0.188626
15 2.72143 6.4253 -0.397823
16 5.04328 3.54101 -0.374586
17 4.30566 4.3803 -0.486385
18 5.61617 0.183996 0.0881365
19 19.6068 9.66384 0.818667
20 5.68557 5.49097 -0.0424575
21 6.19776 8.48141 0.185681
22 4.79673 5.39727 -0.123072
23 4.7401 10.0887 0.212921
24 5.29462 10.216 -0.0693635
25 5.86177 6.74448 -0.0480997
26 6.55717 7.79807 -0.271891
27 3.56732 6.04772 -0.0425217
28 5.09464 5.1101 -0.156658
29 6.34574 7.65973 -0.249862
30 3.75516 8.3866 0.198079
31 5.11602 7.78154 -0.265922
32 4.19858 2.72548 -0.201922
33 4.39069 2.23847 0.0790141
34 4.88099 5.69222 -0.369044
35 3.72888 4.9677 -0.533081
36 3.41319 5.024 -0.271494
37 4.86397 3.89901 -0.426653
38 4.75381 4.34395 -0.418308
39 9.73413 4.48652 -0.919702
40 1.98845 7.74315 -0.273645
41 4.12238 6.03287 0.038503
42 4.65501 5.77908 -0.491986
43 4.29797 5.68734 0.0937064
44 5.60379 8.35348 0.17798
45 6.50836 9.92436 -0.0415673
46 3.81508 3.57805 -0.132848
47 7.05301 9.36747 -0.218499
48 9.36619 4.64061 -0.871778
49 4.82065 6.11202 0.0367341
50 4.00771 5.60373 -0.523244
51 4.8555 5.20362 -0.0520351
52 5.90415 7.61566 -0.0874436
53 11.2532 7.88202 0.0760142
54 5.85682 18.877 -0.309072
55 3.86125 4.16119 -0.349936
56 5.33733 1.02809 0.269459
57 5.39867 2.44835 -0.531169
58 3.71434 5.74344 -0.250682
59 5.90859 0.369002 0.1648
60 4.36847 11.2422 -0.142457
61 3.65064 9.84724 -0.309998
62 6.0489 8.40385 0.107076
63 4.02531 4.04623 -0.601729
64 5.41753 10.9305 -0.0795647
65 14.0272 11.8801 -0.573654
66 5.58399 1.23215 -0.0782934
67 9.29498 18.8892 0.355699
68 3.71455 3.1928 -0.0714225
69 5.36996 1.22704 0.090685
70 6.20799 1.27006 0.282007
71 4.80125 2.57783 -0.612751
72 3.89184 0.940961 -0.0132621
73 4.80151 9.439 0.164081
74 5.43089 3.97377 -0.193558
75 4.85248 5.6904 -0.0491788
76 4.54434 3.98771 -0.456486
77 3.99182 6.08236 -0.485178
78 3.46469 9.75802 -0.498511
79 3.72937 5.58802 -0.454183
80 5.50785 1.41804 0.0266669
81 5.92884 17.8066 0.145096
82 2.61025 5.18245 -0.4338
83 6.65691 1.44872 0.0898505
84 3.90257 1.89112 -0.110178
85 5.42899 6.10728 -0.454694
86 4.90648 5.05798 -0.482277
87 6.14538 0.977177 -0.104201
88 6.64818 0.0517729 -0.115156
89 5.22388 6.88498 -0.136549
90 5.84711 4.82067 0.269043
91 4.92266 6.81996 -0.381354
92 5.22111 9.85796 -0.0392146
93 5.60962 10.3228 -0.139417
94 4.23756 6.12107 -0.503827
95 3.13286 9.59444 0.00199313
96 5.34093 1.65128 0.193983
97 4.02485 4.0635 -0.18431
98 3.59157 5.47982 -0.0212295
99 3.90112 6.15362 -0.0576498
