100
Particles
0 4.91434 4.65335 -0.469175
1 4.33926 9.82453 -0.125206
2 5.01362 4.29825 -0.63812
3 6.30578 5.41034 0.046065
4 4.59215 5.37319 -0.382035
5 4.40835 9.97014 -0.364491
6 4.16867 9.41573 -0.590204
7 7.80945 1.06926 0.221626
8 8.1092 0.892114 -0.0584179
9 5.7557 3.36459 -0.060887
10 6.1725 6.1853 -0.484188
11 5.40732 3.09973 -0.154937
12 3.81223 6.99196 0.0540373
13 3.77177 4.78881 -0.436468
14 5.91628 10.2108 0.35399
15 3.91938 6.16989 0.0949781
16 6.25113 3.3303 0.000239695
17 5.49275 4.02771 -0.358001
18 6.85912 0.133007 0.0625018
19 0.172445 10.7699 1.14711
20 6.91938 5.32717 -0.130133
21 7.39428 8.21399 -0.455482
22 6.00661 5.15784 0.058603
23 5.95373 10.0614 -0.219879
24 6.51211 10.3774 -0.131639
25 7.0902 6.56267 -0.0134384
26 7.77416 7.64433 -0.118385
27 4.74843 5.74986 -0.485505
28 6.33534 5.02824 -0.118814
29 7.54756 7.33164 -0.156265
30 4.99265 8.52197 0.278506
31 6.3374 7.62785 0.103484
32 5.32519 2.27719 -0.595876
33 5.56447 1.83012 -0.286526
34 6.10403 5.48264 -0.267547
35 4.95758 4.82425 -0.193168
36 4.59849 4.72522 -0.388335
37 6.00599 3.42238 -0.541946
38 5.93465 3.95939 -0.13817
39 10.3341 3.39957 -1.01525
40 3.18301 7.45694 -0.208995
41 5.28682 5.64271 -0.291465
42 5.85616 5.47321 -0.238948
43 5.49733 5.40363 -0.344935
44 6.83121 8.15241 -0.223751
45 7.73341 9.80128 -0.405304
46 4.95008 3.09558 -0.632495
47 8.28105 9.32452 0.16448
48 10.1182 3.66045 -0.912982
49 6.0032 5.76649 -0.494439
50 5.20122 5.32459 0.0346861
51 6.04714 4.94047 0.0427206
52 7.13614 7.43252 -0.0410854
53 12.4715 8.13749 0.181897
54 7.057 19.0185 0.489472
55 5.06427 3.93068 -0.113163
56 6.55318 0.901712 -0.325191
57 6.58857 2.23593 0.0776471
58 4.85749 5.26477 -0.335407
59 7.14684 0.431253 -0.045526
60 5.54792 10.8538 -0.182423
61 4.81395 9.44281 -0.509801
62 7.25505 8.21412 -0.170366
63 5.13315 3.51319 -0.481843
64 6.6512 11.0352 0.245049
65 15.0784 11.2294 -0.288214
66 6.81595 1.17642 -0.127948
67 10.3091 19.5794 0.922663
68 4.8744 2.7962 -0.717972
69 6.60093 1.37618 0.207187
70 7.4469 1.25485 -0.232882
71 5.99857 2.27157 -0.413715
72 5.10584 0.75942 -0.326683
73 5.99859 9.69726 0.527332
74 6.63352 3.69805 -0.322486
75 6.04616 5.41614 -0.217256
76 5.72462 3.63163 -0.276478
77 5.20629 5.86095 -0.263644
78 4.67015 9.49064 -0.221265
79 4.93717 5.34114 -0.508225
80 6.7308 1.21086 -0.0379717
81 7.15628 17.9472 -0.05506
82 3.83567 4.97961 -0.321242
83 7.89916 1.43236 0.168994
84 5.11956 1.66866 -0.139415
85 6.64416 5.87571 -0.462656
86 6.09787 4.74777 -0.328475
87 7.36942 0.820293 -0.332402
88 7.86984 0.0623302 -0.365706
89 6.42892 6.6061 -0.014283
90 7.073 4.62378 -0.0758261
91 6.12136 6.51482 -0.443644
92 6.44122 9.99898 0.253403
93 6.83661 10.4839 0.290191
94 5.42119 5.80541 0.0400704
95 4.29867 9.19637 -0.443971
96 6.54813 1.56687 0.113755
97 5.17318 3.57835 -0.304773
98 4.76564 5.09001 -0.431834
99 5.10291 5.9836 -0.497682
