100
Particles
0 6.08242 4.22477 -0.334486
1 5.49699 9.3965 -0.361224
2 6.11985 3.76575 -0.612564
3 7.53047 5.25708 -0.0695692
4 5.81956 5.18497 -0.0523411
5 5.49068 9.39789 -0.645243
6 5.28726 8.89841 -0.499257
7 9.02462 1.1298 0.305903
8 9.3485 0.739514 -0.0587774
9 6.95041 3.0659 -0.273901
10 7.37099 5.87343 -0.35116
11 6.59291 2.77832 -0.161287
12 5.01062 6.73066 -0.180325
13 4.89835 4.26349 -0.37939
14 7.14663 10.3731 0.0688985
15 5.09805 5.81439 -0.430874
16 7.45638 3.09751 -0.240771
17 6.68962 3.69994 -0.276024
18 8.0648 0.26781 -0.0508715
19 0.411576 11.9795 1.56964
20 8.15249 5.18381 0.0127284
21 8.61904 8.04066 -0.41066
22 7.19631 4.86967 -0.327067
23 7.18596 10.1559 -0.118499
24 7.6915 10.7374 0.42914
25 8.32647 6.41139 -0.282363
26 8.99652 7.5565 -0.134645
27 5.92055 5.34827 -0.210749
28 7.58279 5.0301 -0.0276957
29 8.76945 7.19339 0.142296
30 6.21464 8.34978 -0.168246
31 7.529 7.79692 -0.277699
32 6.40044 1.68117 -0.17711
33 6.65622 1.25753 -0.310526
34 7.31792 5.22088 -0.0814491
35 6.10611 4.37022 -0.491594
36 5.7845 4.40581 -0.222796
37 7.15738 2.97494 -0.162431
38 7.13483 3.6282 -0.390973
39 10.9892 2.34382 -1.03504
40 4.33144 7.05381 -0.671905
41 6.47672 5.32917 -0.280095
42 7.03696 5.10943 -0.161748
43 6.72342 5.19645 -0.00373496
44 8.07338 8.18473 -0.0780434
45 8.95118 9.94453 0.413466
46 6.15437 2.83521 -0.463891
47 9.48807 9.37649 0.0858536
48 10.9614 2.75767 -0.847977
49 7.16739 5.36114 -0.0674202
50 6.39622 5.03627 -0.107348
51 7.27701 4.76222 -0.0596505
52 8.37562 7.50412 0.0967162
53 13.6578 7.90253 -0.572214
54 8.19772 19.0055 -0.445106
55 6.2388 3.56369 -0.157428
56 7.7629 1.19891 0.237029
57 7.78045 2.03708 -0.0581802
58 6.0222 4.85046 -0.268104
59 8.37297 0.561813 0.197016
60 6.76245 11.0551 0.211874
61 5.98158 9.06751 -0.557586
62 8.48786 8.06997 -0.245017
63 6.24864 2.97359 -0.467922
64 7.84213 11.4025 0.22284
65 16.3032 11.4023 0.00560011
66 8.04876 1.24775 0.195419
67 10.9737 0.62727 0.799488
68 5.93263 2.16502 -0.553592
69 7.83208 1.43895 0.291822
70 8.64165 1.61221 0.387424
71 7.14486 1.89447 -0.540002
72 6.19868 0.162172 -0.569791
73 7.23438 9.69503 -0.174769
74 7.79488 3.36126 -0.675555
75 7.23603 5.16547 -0.365543
76 6.91391 3.28985 -0.192588
77 6.32763 5.36461 -0.428816
78 5.87307 9.17485 -0.0643858
79 6.09745 4.94247 -0.53215
80 7.96791 1.114 -0.0539516
81 8.37829 17.7821 0.0649969
82 5.01861 4.64528 -0.507736
83 9.12781 1.53277 0.087588
84 6.22021 1.0949 -0.345547
85 7.88309 5.72105 -0.1743
86 7.33664 4.59799 -0.196958
87 8.60544 0.918799 0.284193
88 9.08634 0.0179773 0.00501779
89 7.54452 6.04365 -0.444828
90 8.30115 4.54515 -0.250421
91 7.26153 6.0654 -0.630766
92 7.67954 10.1177 0.156882
93 8.06237 10.6861 0.244998
94 6.6192 5.51018 -0.161229
95 5.45234 8.73853 -0.478961
96 7.77964 1.55595 0.097082
97 6.29332 3.08011 -0.193425
98 5.95172 4.71481 -0.37575
99 6.23932 5.50602 -0.447172
