100
Particles
0 7.3011 3.99362 -0.407249
1 6.68784 9.04753 -0.461263
2 7.30561 3.42895 -0.41059
3 8.74248 5.05453 -0.201821
4 6.9564 4.69999 -0.47626
5 6.54545 8.73585 -0.551794
6 6.34527 8.26673 -0.690872
7 10.2581 1.15935 0.186143
8 10.5801 0.760724 -0.235056
9 8.18143 2.90892 -0.333961
10 8.61429 5.74794 -0.11437
11 7.76849 2.42033 -0.151372
12 6.07937 6.10673 -0.297049
13 5.94729 3.64206 -0.893153
14 8.37619 10.468 0.0567263
15 6.26355 5.39595 -0.299599
16 8.64691 2.76268 -0.314288
17 7.88964 3.41612 -0.479911
18 9.29564 0.374928 0.314789
19 0.391468 13.2258 1.62775
20 9.32192 4.78003 -0.334218
21 9.85303 8.00829 0.0874381
22 8.35549 4.41551 -0.491441
23 8.41414 10.1218 -0.228005
24 8.92788 10.7418 -0.121429
25 9.53139 6.10387 -0.148202
26 10.2202 7.54886 0.170677
27 7.08898 4.97406 -0.496733
28 8.80638 4.8229 0.00248715
29 9.99579 7.11558 -0.0960594
30 7.2969 7.76792 -0.769921
31 8.75981 7.72919 -0.23014
32 7.57231 1.37691 -0.0672638
33 7.81408 0.81237 -0.152764
34 8.50437 4.86549 -0.463785
35 7.29038 4.05232 -0.469396
36 6.98796 4.15046 -0.46827
37 8.37553 2.7665 -0.2501
38 8.29932 3.23539 -0.549661
39 11.8752 1.6063 -0.287519
40 5.36616 6.41025 -0.79807
41 7.68324 5.05984 -0.402264
42 8.26106 4.89362 -0.251748
43 7.90571 4.84564 -0.0400249
44 9.29932 8.00054 -0.102164
45 10.1732 10.1088 -0.0651072
46 7.33327 2.49713 -0.482963
47 10.725 9.40969 -0.073133
48 11.9128 1.97516 -0.4266
49 8.3856 5.20907 -0.419727
50 7.50888 4.47219 -0.417153
51 8.47074 4.46944 0.0488093
52 9.61555 7.44404 -0.197214
53 14.3583 6.88157 -0.888578
54 9.38758 18.649 -0.111075
55 7.43583 3.26491 -0.148597
56 8.99699 1.25855 -0.118571
57 9.01789 2.14967 0.0329239
58 7.20361 4.5304 0.0274182
59 9.59957 0.649662 0.0822546
60 7.97661 11.1547 0.0778364
61 7.11166 8.58011 -0.282079
62 9.71468 7.97923 0.174371
63 7.43866 2.60366 -0.388743
64 9.07923 11.4964 0.00973506
65 17.5423 11.4135 0.197898
66 9.27628 1.2477 0.335095
67 11.9999 0.804575 -0.532107
68 7.13014 1.86092 -0.183818
69 9.04789 1.65341 0.271251
70 9.84489 1.87147 -0.0135652
71 8.36389 1.69369 -0.183721
72 7.35134 19.7376 -0.0846209
73 8.46295 9.70811 -0.0770136
74 8.99797 3.07928 -0.340743
75 8.47508 5.02954 -0.198227
76 8.09892 2.92616 -0.108093
77 7.48899 4.99986 -0.526562
78 6.98225 8.6763 -0.781268
79 7.31691 4.6923 -0.0612398
80 9.21289 1.11273 0.0263433
81 9.56463 17.5572 -0.584151
82 6.03903 3.92925 -0.697505
83 10.343 1.79533 0.295876
84 7.37104 0.636095 -0.395998
85 9.114 5.63693 0.0322912
86 8.53903 4.28993 -0.0436625
87 9.8323 1.08093 0.127912
88 10.2833 19.9994 -0.165296
89 8.76557 5.89481 0.0393896
90 9.49822 4.4003 -0.487834
91 8.48644 6.03733 -0.249231
92 8.91311 10.0585 0.0269724
93 9.2792 10.5932 -0.41302
94 7.79736 5.14639 -0.419132
95 6.55445 8.17435 -0.407284
96 8.99774 1.64208 0.250985
97 7.50091 2.84441 -0.0558184
98 7.12216 4.31442 -0.41285
99 7.4719 5.30492 -0.207047
