100
Particles
0 8.42837 3.47295 -0.30859
1 7.72301 8.43027 -0.0965429
2 8.50712 3.13087 -0.0571035
3 9.96376 4.84931 -0.12346
4 8.14737 4.33831 -0.315912
5 7.62897 8.16394 -0.355802
6 7.38052 7.59758 -0.55557
7 11.4944 1.25998 -0.114605
8 11.8161 0.62546 -0.113355
9 9.35674 2.60028 0.113798
10 9.82497 5.47857 -0.265068
11 8.95114 2.06722 -0.504537
12 7.28321 5.78069 -0.249208
13 6.67041 2.66903 -1.19661
14 9.59393 10.5662 0.373839
15 7.4744 5.12158 -0.3468
16 9.8597 2.50377 -0.321052
17 9.02914 2.98556 -0.366082
18 10.5232 0.463507 -0.0702458
19 19.7155 14.2491 2.32399
20 10.4779 4.33416 -0.492807
21 11.0764 7.99979 -0.247797
22 9.50495 3.99492 -0.584169
23 9.6237 10.2058 0.355439
24 10.1431 10.8041 -0.017919
25 10.7738 6.12516 0.129648
26 11.4301 7.7488 0.10649
27 8.26913 4.60766 -0.195142
28 9.94662 4.35929 -0.502094
29 11.2211 7.18431 0.290595
30 8.42609 7.25712 -0.255769
31 9.9621 7.42812 -0.101946
32 8.78312 1.27984 0.0347567
33 9.02389 0.59022 -0.434842
34 9.60424 4.29498 -0.616012
35 8.44172 3.62278 -0.275846
36 8.15521 3.73252 -0.298424
37 9.56322 2.47958 0.0369437
38 9.50113 2.89763 -0.318515
39 12.9981 1.08864 -0.555773
40 6.41992 5.79363 -0.165098
41 8.81163 4.55971 -0.591896
42 9.44991 4.53867 -0.431065
43 9.03848 4.36179 -0.517244
44 10.54 8.06655 0.0657951
45 11.4075 10.0321 -0.108329
46 8.53472 2.20634 0.0102711
47 11.9244 9.18395 -0.309154
48 13.1123 1.65417 -0.380274
49 9.55492 4.81874 -0.429976
50 8.71503 4.20243 -0.500122
51 9.64921 4.13732 -0.1485
52 10.841 7.46717 0.268398
53 14.7351 5.70918 -1.56072
54 10.6114 18.8298 0.425422
55 8.6257 2.93314 -0.0312721
56 10.2294 1.30564 -0.219421
57 10.2288 1.87488 -0.114455
58 8.37624 4.14811 -0.224379
59 10.8374 0.623485 -0.0967435
60 9.21452 11.2557 0.156282
61 8.24296 8.10337 -0.174041
62 10.9544 8.05905 -0.118891
63 8.59645 2.19789 -0.549757
64 10.3048 11.4615 0.139121
65 18.4618 12.2233 0.859351
66 10.5023 1.23514 0.194211
67 13.1252 0.289618 -0.218493
68 8.33704 1.58171 -0.0749418
69 10.2875 1.59828 0.0976478
70 11.0633 1.84724 -0.260532
71 9.58092 1.56923 -0.19324
72 8.586 19.7234 0.179296
73 9.68066 9.8693 0.358705
74 10.2356 3.05806 0.0542952
75 9.64253 4.67622 -0.573806
76 9.30944 2.69247 -0.332251
77 8.67368 4.72451 -0.0168027
78 8.03497 8.06663 -0.589073
79 8.50756 4.3221 -0.208787
80 10.444 0.974498 -0.266463
81 10.436 16.6656 -0.786251
82 6.74849 2.93616 -1.02909
83 11.515 2.18704 0.0787922
84 8.60038 0.518559 -0.25164
85 10.3344 5.44615 -0.132488
86 9.67904 3.85932 -0.279502
87 11.0732 1.07253 -0.0147168
88 11.4624 19.5925 -0.280649
89 9.98589 5.74132 -0.15998
90 10.6806 4.09729 -0.608876
91 9.70306 5.85852 -0.258284
92 10.1308 10.0635 0.104664
93 10.503 10.6707 0.181801
94 8.90099 4.59706 -0.13445
95 7.56397 7.47441 -0.647313
96 10.2363 1.54762 0.0917641
97 8.68367 2.5031 -0.590309
98 8.28553 3.90975 -0.278989
99 8.62274 4.9034 -0.0680662
