100
Particles
0 9.65027 3.2325 -0.189541
1 8.87258 7.97313 -0.355194
2 9.7088 2.92457 0.0533437
3 11.1513 4.51553 -0.473468
4 9.37223 4.1248 -0.363917
5 8.84044 7.90828 -0.288551
6 8.55953 7.19347 -0.291426
7 12.7387 1.25544 -0.00105035
8 13.0436 0.403807 -0.191119
9 10.5967 2.5366 0.124409
10 11.0273 5.18019 -0.12292
11 10.1539 1.87451 -0.234784
12 8.47412 5.47236 -0.191044
13 7.36623 1.64231 -1.05345
14 10.8045 10.6854 0.393463
15 8.66062 4.75145 -0.463367
16 11.0898 2.45896 0.110535
17 10.2045 2.62988 -0.448964
18 11.7306 0.216159 -0.158653
19 18.7657 15.0392 2.61953
20 11.6119 3.86766 -0.499769
21 12.3187 8.07924 0.231457
22 10.6096 3.42223 -0.385307
23 10.8471 10.4346 0.265717
24 11.3763 10.8731 0.0659536
25 11.8483 5.55295 -0.823339
26 12.6256 7.98922 -0.0679132
27 9.43175 4.21757 -0.392791
28 11.1114 3.93905 -0.492117
29 12.4551 7.26413 0.173756
30 9.60128 6.95356 -0.633856
31 11.1933 7.57421 -0.0748574
32 9.99483 0.989858 -0.302732
33 10.2462 0.401015 -0.171781
34 10.7398 3.79299 -0.403443
35 9.62927 3.30078 -0.0096066
36 9.35498 3.48332 -0.280354
37 10.802 2.3217 -0.148944
38 10.6991 2.63306 0.00441636
39 14.1562 0.674335 -0.336601
40 7.59057 5.3914 -0.448594
41 9.92271 4.03634 -0.124531
42 10.6018 4.11734 -0.07914
43 10.1988 3.97799 -0.0991567
44 11.7693 8.25826 0.184361
45 12.6228 9.87825 -0.180891
46 9.72324 1.84696 -0.11461
47 13.1412 9.17253 0.129479
48 14.244 1.16683 -0.280101
49 10.7668 4.52817 -0.321986
50 9.84112 3.6857 -0.233819
51 10.7266 3.54221 -0.668414
52 12.0621 7.69395 0.0152059
53 14.7086 4.4712 -1.62022
54 11.7294 19.3464 0.420964
55 9.87264 2.90344 0.0416376
56 11.455 1.13052 -0.0424388
57 11.449 1.71591 -0.337829
58 9.59655 3.94015 -0.409326
59 12.0782 0.504596 -0.0774056
60 10.3736 11.6969 0.437864
61 9.41766 7.71801 -0.202986
62 12.1807 8.27761 0.291185
63 9.78391 1.83334 -0.422728
64 11.5033 11.7613 0.00967503
65 18.6765 13.4084 1.77426
66 11.7241 1.082 -0.20679
67 14.0722 19.48 -0.824712
68 9.52882 1.26249 -0.0888422
69 11.4818 1.2927 0.0417093
70 12.2896 1.70747 -0.266406
71 10.7818 1.28052 -0.201095
72 9.69892 19.2236 -0.554732
73 10.8621 10.2405 0.117162
74 11.4483 2.81629 -0.215836
75 10.7904 4.27314 -0.0981076
76 10.4938 2.33288 -0.310336
77 9.81874 4.25889 -0.504626
78 9.21556 7.72493 -0.00492438
79 9.67219 3.8996 -0.446197
80 11.6834 0.861978 -0.138248
81 11.1763 15.6677 -1.1002
82 7.52944 1.97714 -0.64067
83 12.7426 2.10352 -0.104263
84 9.83485 0.383103 -0.110356
85 11.4322 4.86646 -0.465615
86 10.8436 3.45637 -0.125013
87 12.2281 0.624767 -0.514984
88 12.6996 19.6013 0.0551926
89 11.0754 5.17331 -0.671446
90 11.7729 3.58119 0.0157245
91 10.8548 5.37833 -0.359388
92 11.288 10.5267 0.341975
93 11.7401 10.7206 -0.0615603
94 10.0638 4.15487 -0.285666
95 8.77657 7.23686 0.0353449
96 11.4482 1.29843 -0.294302
97 9.84076 2.10073 -0.36292
98 9.47417 3.64006 -0.0207945
99 9.81212 4.53228 -0.253496
