100
Particles
0 10.8075 2.80411 -0.475295
1 10.0325 7.54095 -0.274147
2 10.8588 2.45745 -0.457065
3 12.2891 4.02995 -0.154093
4 10.5315 3.71634 -0.565199
5 10.0413 7.59677 -0.339037
6 9.64023 6.57882 -0.637338
7 13.9559 1.03301 -0.0493377
8 14.2813 0.34791 -0.295626
9 11.8218 2.45422 0.0952726
10 12.165 4.68947 -0.250156
11 11.3803 1.65782 -0.233359
12 9.6748 5.14939 -0.16488
13 8.21979 0.742623 -0.725462
14 11.9815 11.0756 0.464755
15 9.87326 4.5259 0.0410235
16 12.3019 2.2821 -0.14927
17 11.4217 2.41761 -0.226773
18 12.9172 0.0385721 -0.52472
19 17.6847 15.6002 2.29458
20 12.7485 3.37528 -0.515435
21 13.5343 8.31354 0.166464
22 11.7786 3.08759 -0.541507
23 12.0404 10.734 0.546474
24 12.5372 11.3171 0.494204
25 13.0293 5.16961 -0.227492
26 13.8469 8.18007 0.171834
27 10.5902 3.79905 -0.124313
28 12.3295 3.67805 -0.199876
29 13.6783 7.39733 0.283674
30 10.8052 6.67503 -0.00331385
31 12.3949 7.60758 0.297072
32 11.1745 0.648903 -0.436832
33 11.3969 19.9281 -0.294457
34 11.9193 3.43073 -0.380914
35 10.7855 2.85783 -0.350482
36 10.532 3.09652 -0.30591
37 12.0172 2.21392 -0.141636
38 11.929 2.48544 -0.183018
39 15.2708 0.243047 -0.0025165
40 8.82095 5.22086 -0.254658
41 11.0892 3.59011 -0.304119
42 11.8042 3.84069 -0.194531
43 11.4008 3.69223 -0.524712
44 13.0023 8.2844 -0.222632
45 13.8695 9.81712 -0.0812582
46 10.8573 1.35924 -0.586289
47 14.3643 9.10928 0.2417
48 15.3933 0.701942 -0.192251
49 11.9634 4.20446 -0.219965
50 10.9855 3.20697 -0.312628
51 11.9284 3.25386 -0.260066
52 13.296 7.77459 0.107124
53 15.0432 3.26866 -1.35248
54 12.9069 19.2051 -0.419824
55 11.0806 2.70451 0.0120189
56 12.6614 0.892976 -0.421586
57 12.692 1.72957 0.105076
58 10.7682 3.58239 -0.375326
59 13.2485 0.147465 -0.518537
60 11.3692 12.4081 0.778627
61 10.6146 7.42641 -0.372578
62 13.3984 8.44335 -0.0497515
63 10.9848 1.5349 -0.0028795
64 12.6288 12.2964 0.453036
65 18.785 14.6507 1.42814
66 12.8806 0.62367 -0.431969
67 14.7552 18.443 -1.14565
68 10.6192 0.670156 -0.619645
69 12.6865 0.984923 -0.278045
70 13.5307 1.73148 -0.0893361
71 11.9986 1.04391 -0.313847
72 10.257 18.1365 -1.29252
73 12.015 10.7004 0.217775
74 12.6854 2.71232 -0.081949
75 11.9743 3.91948 -0.332338
76 11.723 2.24459 -0.0614173
77 11.0243 3.98335 -0.125959
78 10.3321 7.18284 -0.620057
79 10.8556 3.55346 -0.427235
80 12.858 0.482063 -0.219086
81 11.1536 14.4442 -1.83054
82 8.38273 1.10708 -0.896412
83 13.988 2.12565 0.106519
84 10.9574 19.8811 -0.500682
85 12.6271 4.5453 -0.265733
86 12.0448 3.12619 -0.307213
87 13.4347 0.426393 0.0021397
88 13.8757 19.2263 -0.560927
89 12.2975 4.97108 -0.148927
90 12.9513 3.25318 -0.459419
91 12.0215 4.97671 -0.546644
92 12.4321 10.976 0.53993
93 12.8788 11.2032 0.490829
94 11.2539 3.85825 0.000480332
95 9.94133 6.85235 -0.436698
96 12.6807 1.18958 -0.278522
97 11.0289 1.73364 -0.460805
98 10.6853 3.38038 -0.242148
99 10.9965 4.21964 -0.591946
