100
Particles
0 11.9344 2.32092 -0.60672
1 11.1641 7.04316 -0.140507
2 12.0432 2.06381 -0.290273
3 13.4916 3.75894 -0.425261
4 11.6817 3.26452 -0.210923
5 11.1224 7.01337 -0.186108
6 10.8311 6.24938 -0.398903
7 15.1599 0.713002 -0.335465
8 15.4192 19.8884 -0.429292
9 12.9939 2.05266 -0.400519
10 13.3678 4.38526 -0.244958
11 12.5106 1.12832 -0.423433
12 10.9016 5.2779 0.275879
13 9.03433 19.8405 -1.13089
14 13.1428 11.473 0.226143
15 11.1002 4.67229 0.291881
16 13.5202 2.04296 -0.369442
17 12.6128 2.06479 -0.183251
18 14.1034 19.7297 -0.428433
19 16.8428 16.5184 2.23376
20 13.9283 3.07218 -0.0272768
21 14.7601 8.35324 0.391683
22 12.9507 2.76584 -0.0313353
23 13.1941 11.1709 0.351143
24 13.7108 11.6951 0.417203
25 14.2764 5.1309 -0.00204317
26 15.0558 8.45623 0.40494
27 11.7688 3.43205 -0.218642
28 13.5183 3.31596 -0.324081
29 14.914 7.5416 0.189033
30 11.9506 6.19321 -0.503592
31 13.5903 7.83598 0.507741
32 12.1064 19.8227 -0.627544
33 12.3431 19.1368 -0.744973
34 13.0985 3.08103 -0.201915
35 11.9653 2.54749 -0.334205
36 11.6677 2.61631 -0.298155
37 13.2149 1.88581 -0.121117
38 13.0845 2.03023 -0.223884
39 16.4139 19.7839 -0.55175
40 10.0635 5.17563 0.0432134
41 12.2422 3.14714 -0.293881
42 12.9498 3.37046 -0.32916
43 12.5751 3.33662 -0.588095
44 14.2229 8.5206 0.219923
45 15.097 9.60151 -0.308545
46 11.9523 0.768056 -0.64059
47 15.607 9.07141 -0.0480825
48 16.5266 0.226133 -0.224823
49 13.1764 3.96666 -0.396244
50 12.1922 2.89222 -0.317776
51 13.1508 3.09606 -0.197528
52 14.5014 8.07106 0.391636
53 15.3849 2.16128 -1.03355
54 14.0522 18.8241 -0.191712
55 12.1764 2.13908 -0.319133
56 13.8795 0.659087 -0.00390726
57 13.8877 1.44428 0.0490288
58 11.8879 3.05736 -0.222304
59 14.4178 19.7819 0.0826412
60 12.3115 12.6968 -0.730403
61 11.786 7.08177 0.0328152
62 14.6372 8.53634 0.239258
63 11.9548 0.76355 -0.784569
64 13.292 13.3404 1.00752
65 19.288 15.7838 0.980745
66 14.0864 0.380896 -0.233871
67 15.3855 17.3765 -1.18604
68 11.7256 0.134726 -0.467826
69 13.8534 0.566285 -0.258969
70 14.7219 1.46243 -0.587282
71 13.2027 0.740197 -0.406351
72 10.4559 16.9197 -1.56899
73 13.1425 11.2119 0.549228
74 13.9181 2.6228 0.115881
75 13.1527 3.51446 -0.355112
76 12.8431 1.71186 -0.420329
77 12.1156 3.40924 -0.685301
78 11.5372 6.86912 -0.390237
79 11.9925 3.06145 -0.65122
80 13.9875 19.9866 -0.169016
81 11.6933 13.4784 -0.433444
82 9.24186 0.243749 -1.16983
83 15.1306 1.85545 -0.486886
84 11.9207 19.1616 -1.00065
85 13.833 4.30404 -0.473208
86 13.2486 2.85532 -0.000208864
87 14.5783 19.9429 -0.52268
88 15.0423 18.7876 -0.401149
89 13.4745 4.61954 -0.0231706
90 14.1398 2.93498 -0.420472
91 13.223 4.67932 -0.0714741
92 13.5764 11.4581 0.493117
93 14.0385 11.5721 0.0408434
94 12.4433 3.50977 -0.248406
95 11.0944 6.40085 -0.546338
96 13.8957 0.938917 0.0289231
97 12.1197 1.13568 -0.66771
98 11.8053 2.8804 -0.186333
99 12.1798 3.8572 -0.212276
