100
Particles
0 13.1628 2.12804 -0.161903
1 12.3728 6.88045 0.115011
2 13.221 1.66246 -0.389683
3 14.6953 3.46886 -0.264821
4 12.8233 2.79976 -0.411743
5 12.3273 6.80645 -0.349324
6 12.0558 6.09051 -0.115483
7 16.236 0.0843206 -0.602838
8 16.5683 19.4442 -0.591819
9 14.1641 1.66413 -0.448994
10 14.5834 4.15446 -0.321524
11 13.5135 0.392865 -0.52529
12 12.1258 5.20516 -0.346977
13 9.65459 18.7609 -0.974069
14 14.2351 12.0443 0.597906
15 12.3421 4.64503 -0.144427
16 14.7237 1.80712 -0.390607
17 13.8135 1.76813 -0.165064
18 15.2848 19.3648 -0.353401
19 15.8225 16.4201 -2.59649
20 15.0737 2.59488 -0.614338
21 15.9766 8.59282 0.346321
22 14.1236 2.3641 -0.362317
23 14.2569 11.7939 0.561667
24 14.8155 12.2524 0.396793
25 15.5126 5.14794 -0.0853685
26 16.2313 8.77866 -0.135563
27 12.868 2.90005 -0.644091
28 14.6984 2.96618 -0.108702
29 16.1247 7.72444 -0.191387
30 13.1916 6.19288 -0.0393035
31 14.721 8.34699 0.58672
32 12.9279 18.9153 -0.631798
33 13.2132 18.2487 -0.767977
34 14.1937 2.50289 -0.587744
35 13.0845 2.03811 -0.65141
36 12.8291 2.2219 -0.568408
37 14.4018 1.62214 -0.657058
38 14.2992 1.76132 -0.139399
39 17.5588 19.3031 -0.575586
40 11.2834 5.36197 -0.134621
41 13.392 2.69341 -0.275052
42 14.1149 2.9659 -0.462077
43 13.6727 2.79786 -0.684747
44 15.3682 9.00153 0.338965
45 16.3306 9.59172 0.18656
46 12.8705 19.9388 -0.795671
47 16.8327 9.08779 0.141758
48 17.7393 19.9398 -0.316818
49 14.3724 3.68918 -0.00234796
50 13.3052 2.36316 -0.399695
51 14.3333 2.75252 -0.216173
52 15.6675 8.48617 0.141323
53 16.1961 1.2196 -0.677429
54 14.9399 17.9786 -1.02036
55 13.3778 1.85893 -0.315554
56 15.0327 0.250677 -0.732951
57 15.0435 1.00999 -0.151812
58 13.0597 2.64702 -0.315668
59 15.6147 19.4651 -0.420024
60 13.4764 12.3331 -0.0919529
61 13.0214 6.97939 0.0589362
62 15.8379 8.79867 0.303345
63 12.9509 0.0148493 -0.766779
64 13.4862 14.5595 1.56416
65 19.9807 16.8028 1.15579
66 15.2536 19.968 -0.220943
67 14.9532 16.678 -2.88554
68 12.7428 19.4211 -0.700244
69 14.983 0.090865 -0.619597
70 15.7176 0.725021 -0.69931
71 14.3638 0.328897 -0.263924
72 10.0991 15.7513 -2.18636
73 14.2591 11.7023 0.503326
74 15.1012 2.25684 -0.303776
75 14.2946 3.06994 -0.525768
76 14.0195 1.35519 -0.129157
77 13.2653 2.98452 -0.589563
78 12.7576 6.8201 0.0343202
79 13.1327 2.60837 -0.689542
80 15.1207 19.5542 -0.158215
81 12.7912 12.9854 0.06532
82 9.69542 19.093 -1.02954
83 16.0245 0.993865 -0.749082
84 12.7711 18.2746 -0.770301
85 15.0557 4.13435 -0.19304
86 14.3477 2.28215 -0.565344
87 15.7264 19.4738 -0.230709
88 15.8872 17.8906 -1.01684
89 14.6584 4.25674 -0.397905
90 15.3865 2.93062 -0.0267733
91 14.4054 4.31677 -0.0591459
92 14.7393 11.8923 0.43682
93 15.1321 12.1124 0.634935
94 13.6144 3.11751 -0.486782
95 12.3127 6.14306 -0.364004
96 15.0375 0.457493 -0.430654
97 13.1326 0.44268 -0.399219
98 12.9763 2.49626 -0.118282
99 13.3502 3.4724 -0.460164
